27NOV2018,0,NORMAL,4,FUTCOM,ALUMINI,30NOV2018,,,,150.8500,0.0000,0.0000,0.0000,150.8500,0,0.00,153.3000,146.9000,KGS,150.8500,0,153,0.0000,27 NOV 2018 00:00:00,INR
27NOV2018,0,NORMAL,4,FUTCOM,ALUMINI,31DEC2018,,,,152.3000,0.0000,0.0000,0.0000,152.3000,0,0.00,0.0000,0.0000,KGS,152.3000,0,0,0.0000,27 NOV 2018 00:00:00,INR
27NOV2018,0,NORMAL,4,FUTCOM,ALUMINI,31JAN2019,,,,153.8000,0.0000,0.0000,0.0000,153.8000,0,0.00,0.0000,0.0000,KGS,153.8000,0,0,0.0000,27 NOV 2018 00:00:00,INR
27NOV2018,0,NORMAL,4,FUTCOM,ALUMINI,28FEB2019,,,,151.7500,0.0000,0.0000,0.0000,151.7500,0,0.00,0.0000,0.0000,KGS,151.7500,0,0,0.0000,27 NOV 2018 00:00:00,INR
27NOV2018,0,NORMAL,4,FUTCOM,ALUMINIUM,30NOV2018,,,,148.0000,147.0000,147.0000,147.0000,147.0000,1,735.00,153.4500,147.0000,KGS,147.0000,1,134,147.0000,27 NOV 2018 00:00:00,INR
27NOV2018,0,NORMAL,4,FUTCOM,ALUMINIUM,31DEC2018,,,,155.0000,152.0000,152.0000,152.0000,152.0000,1,760.00,155.0000,152.0000,KGS,152.0000,1,2,152.0000,27 NOV 2018 00:00:00,INR
27NOV2018,0,NORMAL,4,FUTCOM,ALUMINIUM,31JAN2019,,,,155.8000,0.0000,0.0000,0.0000,155.8000,0,0.00,159.0000,153.9000,KGS,155.8000,0,1,0.0000,27 NOV 2018 00:00:00,INR
27NOV2018,0,NORMAL,4,FUTCOM,ALUMINIUM,28FEB2019,,,,151.7000,0.0000,0.0000,0.0000,151.7000,0,0.00,161.0000,146.0000,KGS,151.7000,0,2,0.0000,27 NOV 2018 00:00:00,INR
27NOV2018,0,NORMAL,4,FUTCOM,BRASSPHY,29NOV2018,,,,374.0000,0.0000,0.0000,0.0000,374.0000,0,0.00,0.0000,0.0000,KGS,374.0000,0,0,0.0000,27 NOV 2018 00:00:00,INR
27NOV2018,0,NORMAL,4,FUTCOM,BRASSPHY,31DEC2018,,,,378.5500,0.0000,0.0000,0.0000,378.5500,0,0.00,0.0000,0.0000,KGS,378.5500,0,0,0.0000,27 NOV 2018 00:00:00,INR
27NOV2018,0,NORMAL,4,FUTCOM,BRASSPHY,31JAN2019,,,,362.0000,0.0000,0.0000,0.0000,362.0000,0,0.00,0.0000,0.0000,KGS,362.0000,0,0,0.0000,27 NOV 2018 00:00:00,INR
27NOV2018,0,NORMAL,4,FUTCOM,BRASSPHY,28FEB2019,,,,464.8500,0.0000,0.0000,0.0000,464.8500,0,0.00,0.0000,0.0000,KGS,464.8500,0,0,0.0000,27 NOV 2018 00:00:00,INR
27NOV2018,0,NORMAL,4,FUTCOM,CARDAMOM,14DEC2018,,,,1452.6000,0.0000,0.0000,0.0000,1452.6000,0,0.00,1463.9000,1380.0000,KGS,1452.6000,0,1,0.0000,27 NOV 2018 00:00:00,INR
27NOV2018,0,NORMAL,4,FUTCOM,CARDAMOM,15JAN2019,,,,1437.0000,0.0000,0.0000,0.0000,1437.0000,0,0.00,1437.0000,1437.0000,KGS,1437.0000,0,1,0.0000,27 NOV 2018 00:00:00,INR
27NOV2018,0,NORMAL,4,FUTCOM,CARDAMOM,15FEB2019,,,,1514.6000,0.0000,0.0000,0.0000,1514.6000,0,0.00,1562.0000,1400.0000,KGS,1514.6000,0,95,0.0000,27 NOV 2018 00:00:00,INR
27NOV2018,0,NORMAL,4,FUTCOM,CASTORSEED,20DEC2018,,,,4746.0000,0.0000,0.0000,0.0000,4746.0000,0,0.00,4933.0000,4647.0000,KGS,4746.0000,0,45,0.0000,27 NOV 2018 00:00:00,INR
27NOV2018,0,NORMAL,4,FUTCOM,CASTORSEED,18JAN2019,,,,4850.0000,0.0000,0.0000,0.0000,4850.0000,0,0.00,0.0000,0.0000,KGS,4850.0000,0,0,0.0000,27 NOV 2018 00:00:00,INR
27NOV2018,0,NORMAL,4,FUTCOM,CASTORSEED,20FEB2019,,,,4900.0000,0.0000,0.0000,0.0000,4900.0000,0,0.00,0.0000,0.0000,KGS,4900.0000,0,0,0.0000,27 NOV 2018 00:00:00,INR
27NOV2018,0,NORMAL,4,FUTCOM,COPPER,30NOV2018,,,,459.1500,457.6500,457.6500,457.6500,457.6500,1,457.65,503.7500,410.6000,KGS,457.6500,1,11000,457.6500,27 NOV 2018 00:00:00,INR
27NOV2018,0,NORMAL,4,FUTCOM,COPPER,28FEB2019,,,,450.0500,448.0000,448.0000,448.0000,448.0000,1,448.00,469.1000,418.5000,KGS,448.0000,1,1131,448.0000,27 NOV 2018 00:00:00,INR
27NOV2018,0,NORMAL,4,FUTCOM,COPPER,30APR2019,,,,462.5000,0.0000,0.0000,0.0000,462.5000,0,0.00,468.0000,428.1500,KGS,462.5000,0,4,0.0000,27 NOV 2018 00:00:00,INR
27NOV2018,0,NORMAL,4,FUTCOM,COPPERM,30NOV2018,,,,452.9000,0.0000,0.0000,0.0000,452.9000,0,0.00,504.2000,410.7500,KGS,452.9000,0,7855,0.0000,27 NOV 2018 00:00:00,INR
27NOV2018,0,NORMAL,4,FUTCOM,COPPERM,28FEB2019,,,,459.5500,0.0000,0.0000,0.0000,459.5500,0,0.00,469.0000,418.4500,KGS,459.5500,0,1352,0.0000,27 NOV 2018 00:00:00,INR
27NOV2018,0,NORMAL,4,FUTCOM,COPPERM,30APR2019,,,,463.2000,0.0000,0.0000,0.0000,463.2000,0,0.00,470.8000,428.5500,KGS,463.2000,0,29,0.0000,27 NOV 2018 00:00:00,INR
27NOV2018,0,NORMAL,4,FUTCOM,COTTON,30NOV2018,,,,22500.0000,0.0000,0.0000,0.0000,22500.0000,0,0.00,24090.0000,20200.0000,BALES,22500.0000,0,3373,0.0000,27 NOV 2018 00:00:00,INR
27NOV2018,0,NORMAL,4,FUTCOM,COTTON,31DEC2018,,,,22280.0000,22200.0000,22200.0000,22200.0000,22200.0000,1,555.00,23920.0000,20400.0000,BALES,22200.0000,1,4474,22200.0000,27 NOV 2018 00:00:00,INR
27NOV2018,0,NORMAL,4,FUTCOM,COTTON,31JAN2019,,,,22500.0000,23000.0000,23000.0000,23000.0000,23000.0000,1,575.00,23650.0000,21750.0000,BALES,23000.0000,1,172,23000.0000,27 NOV 2018 00:00:00,INR
27NOV2018,0,NORMAL,4,FUTCOM,COTTON,28FEB2019,,,,22850.0000,0.0000,0.0000,0.0000,22850.0000,0,0.00,22850.0000,22850.0000,BALES,22850.0000,0,5,0.0000,27 NOV 2018 00:00:00,INR
27NOV2018,0,NORMAL,4,FUTCOM,COTTON,29MAR2019,,,,22500.0000,0.0000,0.0000,0.0000,22500.0000,0,0.00,0.0000,0.0000,BALES,22500.0000,0,0,0.0000,27 NOV 2018 00:00:00,INR
27NOV2018,0,NORMAL,4,FUTCOM,CPO,30NOV2018,,,,580.0000,575.0000,575.0000,575.0000,575.0000,1,575.00,614.4000,575.0000,KGS,575.0000,1,3774,575.0000,27 NOV 2018 00:00:00,INR
27NOV2018,0,NORMAL,4,FUTCOM,CPO,31DEC2018,,,,605.1000,600.0000,600.0000,600.0000,600.0000,1,600.00,605.1000,580.0000,KGS,600.0000,1,96,600.0000,27 NOV 2018 00:00:00,INR
27NOV2018,0,NORMAL,4,FUTCOM,CPO,31JAN2019,,,,595.0000,0.0000,0.0000,0.0000,595.0000,0,0.00,0.0000,0.0000,KGS,595.0000,0,0,0.0000,27 NOV 2018 00:00:00,INR
27NOV2018,0,NORMAL,4,FUTCOM,CPO,28FEB2019,,,,595.0000,0.0000,0.0000,0.0000,595.0000,0,0.00,0.0000,0.0000,KGS,595.0000,0,0,0.0000,27 NOV 2018 00:00:00,INR
27NOV2018,0,NORMAL,4,FUTCOM,CRUDEOIL,18DEC2018,,,,5250.0000,5200.0000,5200.0000,5200.0000,5200.0000,1,520.00,5500.0000,4815.0000,BBL,5200.0000,1,121,5200.0000,27 NOV 2018 00:00:00,INR
27NOV2018,0,NORMAL,4,FUTCOM,CRUDEOIL,18JAN2019,,,,5200.0000,5100.0000,5100.0000,5100.0000,5100.0000,1,510.00,5350.0000,5100.0000,BBL,5100.0000,1,3,5100.0000,27 NOV 2018 00:00:00,INR
27NOV2018,0,NORMAL,4,FUTCOM,CRUDEOIL,19FEB2019,,,,5356.0000,0.0000,0.0000,0.0000,5356.0000,0,0.00,0.0000,0.0000,BBL,5356.0000,0,0,0.0000,27 NOV 2018 00:00:00,INR
27NOV2018,0,NORMAL,4,FUTCOM,CRUDEOIL,19MAR2019,,,,5300.0000,0.0000,0.0000,0.0000,5300.0000,0,0.00,5449.0000,5151.0000,BBL,5300.0000,0,0,0.0000,27 NOV 2018 00:00:00,INR
27NOV2018,0,NORMAL,4,FUTCOM,CRUDEOILM,18DEC2018,,,,5347.0000,0.0000,0.0000,0.0000,5347.0000,0,0.00,5350.0000,4515.0000,BBL,5347.0000,0,176,0.0000,27 NOV 2018 00:00:00,INR
27NOV2018,0,NORMAL,4,FUTCOM,CRUDEOILM,18JAN2019,,,,5349.0000,0.0000,0.0000,0.0000,5349.0000,0,0.00,0.0000,0.0000,BBL,5349.0000,0,0,0.0000,27 NOV 2018 00:00:00,INR
27NOV2018,0,NORMAL,4,FUTCOM,CRUDEOILM,19FEB2019,,,,5353.0000,0.0000,0.0000,0.0000,5353.0000,0,0.00,0.0000,0.0000,BBL,5353.0000,0,0,0.0000,27 NOV 2018 00:00:00,INR
27NOV2018,0,NORMAL,4,FUTCOM,CRUDEOILM,19MAR2019,,,,5357.0000,0.0000,0.0000,0.0000,5357.0000,0,0.00,0.0000,0.0000,BBL,5357.0000,0,0,0.0000,27 NOV 2018 00:00:00,INR
27NOV2018,0,NORMAL,4,FUTCOM,GOLD,05DEC2018,,,,30615.0000,30615.0000,30800.0000,30615.0000,30779.0000,9,27701.50,31881.0000,29500.0000,GRMS,30779.0000,3,11149,30779.4400,27 NOV 2018 00:00:00,INR
27NOV2018,0,NORMAL,4,FUTCOM,GOLD,05FEB2019,,,,29500.0000,29000.0000,29000.0000,29000.0000,29000.0000,1,2900.00,32155.0000,29000.0000,GRMS,29000.0000,1,88,29000.0000,27 NOV 2018 00:00:00,INR
27NOV2018,0,NORMAL,4,FUTCOM,GOLD,05APR2019,,,,31902.0000,0.0000,0.0000,0.0000,31902.0000,0,0.00,32395.0000,30432.0000,GRMS,31902.0000,0,17,0.0000,27 NOV 2018 00:00:00,INR
27NOV2018,0,NORMAL,4,FUTCOM,GOLD,05JUN2019,,,,31672.0000,0.0000,0.0000,0.0000,31672.0000,0,0.00,0.0000,0.0000,GRMS,31672.0000,0,0,0.0000,27 NOV 2018 00:00:00,INR
27NOV2018,0,NORMAL,4,FUTCOM,GOLD,05AUG2019,,,,31971.0000,0.0000,0.0000,0.0000,31971.0000,0,0.00,0.0000,0.0000,GRMS,31971.0000,0,0,0.0000,27 NOV 2018 00:00:00,INR
27NOV2018,0,NORMAL,4,FUTCOM,GOLDGUINEA,30NOV2018,,,,24396.0000,0.0000,0.0000,0.0000,24396.0000,0,0.00,25450.0000,23802.0000,GRMS,24396.0000,0,7,0.0000,27 NOV 2018 00:00:00,INR
27NOV2018,0,NORMAL,4,FUTCOM,GOLDGUINEA,31DEC2018,,,,24308.0000,0.0000,0.0000,0.0000,24308.0000,0,0.00,0.0000,0.0000,GRMS,24308.0000,0,0,0.0000,27 NOV 2018 00:00:00,INR
27NOV2018,0,NORMAL,4,FUTCOM,GOLDGUINEA,31JAN2019,,,,24953.0000,0.0000,0.0000,0.0000,24953.0000,0,0.00,0.0000,0.0000,GRMS,24953.0000,0,0,0.0000,27 NOV 2018 00:00:00,INR
27NOV2018,0,NORMAL,4,FUTCOM,GOLDM,05DEC2018,,,,30787.0000,0.0000,0.0000,0.0000,30787.0000,0,0.00,31198.0000,30500.0000,GRMS,30787.0000,0,640,0.0000,27 NOV 2018 00:00:00,INR
27NOV2018,0,NORMAL,4,FUTCOM,GOLDPETAL,30NOV2018,,,,3081.0000,0.0000,0.0000,0.0000,3081.0000,0,0.00,3109.0000,2951.0000,GRMS,3081.0000,0,1145,0.0000,27 NOV 2018 00:00:00,INR
27NOV2018,0,NORMAL,4,FUTCOM,GOLDPETAL,31DEC2018,,,,3085.0000,0.0000,0.0000,0.0000,3085.0000,0,0.00,3151.0000,3002.0000,GRMS,3085.0000,0,78,0.0000,27 NOV 2018 00:00:00,INR
27NOV2018,0,NORMAL,4,FUTCOM,GOLDPETAL,31JAN2019,,,,3116.0000,0.0000,0.0000,0.0000,3116.0000,0,0.00,0.0000,0.0000,GRMS,3116.0000,0,0,0.0000,27 NOV 2018 00:00:00,INR
27NOV2018,0,NORMAL,4,FUTCOM,LEAD,30NOV2018,,,,147.0000,146.0000,146.0000,146.0000,146.0000,1,730.00,150.9000,144.2500,KGS,146.0000,1,18,146.0000,27 NOV 2018 00:00:00,INR
27NOV2018,0,NORMAL,4,FUTCOM,LEAD,31DEC2018,,,,151.0000,155.0000,155.0000,155.0000,155.0000,1,775.00,155.0000,145.0000,KGS,155.0000,1,0,155.0000,27 NOV 2018 00:00:00,INR
27NOV2018,0,NORMAL,4,FUTCOM,LEAD,31JAN2019,,,,145.0000,0.0000,0.0000,0.0000,145.0000,0,0.00,145.0000,145.0000,KGS,145.0000,0,1,0.0000,27 NOV 2018 00:00:00,INR
27NOV2018,0,NORMAL,4,FUTCOM,LEAD,28FEB2019,,,,149.0000,0.0000,0.0000,0.0000,149.0000,0,0.00,0.0000,0.0000,KGS,149.0000,0,0,0.0000,27 NOV 2018 00:00:00,INR
27NOV2018,0,NORMAL,4,FUTCOM,LEADMINI,30NOV2018,,,,149.1500,0.0000,0.0000,0.0000,149.1500,0,0.00,152.0000,145.0000,KGS,149.1500,0,107,0.0000,27 NOV 2018 00:00:00,INR
27NOV2018,0,NORMAL,4,FUTCOM,LEADMINI,31DEC2018,,,,150.0000,0.0000,0.0000,0.0000,150.0000,0,0.00,0.0000,0.0000,KGS,150.0000,0,0,0.0000,27 NOV 2018 00:00:00,INR
27NOV2018,0,NORMAL,4,FUTCOM,LEADMINI,31JAN2019,,,,150.9000,0.0000,0.0000,0.0000,150.9000,0,0.00,0.0000,0.0000,KGS,150.9000,0,0,0.0000,27 NOV 2018 00:00:00,INR
27NOV2018,0,NORMAL,4,FUTCOM,LEADMINI,28FEB2019,,,,149.2500,0.0000,0.0000,0.0000,149.2500,0,0.00,0.0000,0.0000,KGS,149.2500,0,0,0.0000,27 NOV 2018 00:00:00,INR
27NOV2018,0,NORMAL,4,FUTCOM,MENTHAOIL,30NOV2018,,,,1652.5000,0.0000,0.0000,0.0000,1652.5000,0,0.00,1861.1000,1624.0000,KGS,1652.5000,0,453,0.0000,27 NOV 2018 00:00:00,INR
27NOV2018,0,NORMAL,4,FUTCOM,MENTHAOIL,31DEC2018,,,,1700.0000,0.0000,0.0000,0.0000,1700.0000,0,0.00,1785.9000,1677.0000,KGS,1700.0000,0,3,0.0000,27 NOV 2018 00:00:00,INR
27NOV2018,0,NORMAL,4,FUTCOM,MENTHAOIL,31JAN2019,,,,1925.0000,0.0000,0.0000,0.0000,1925.0000,0,0.00,0.0000,0.0000,KGS,1925.0000,0,0,0.0000,27 NOV 2018 00:00:00,INR
27NOV2018,0,NORMAL,4,FUTCOM,MENTHAOIL,28FEB2019,,,,1736.0000,0.0000,0.0000,0.0000,1736.0000,0,0.00,0.0000,0.0000,KGS,1736.0000,0,0,0.0000,27 NOV 2018 00:00:00,INR
27NOV2018,0,NORMAL,4,FUTCOM,MENTHAOIL,29MAR2019,,,,1690.0000,0.0000,0.0000,0.0000,1690.0000,0,0.00,1690.0000,1690.0000,KGS,1690.0000,0,90,0.0000,27 NOV 2018 00:00:00,INR
27NOV2018,0,NORMAL,4,FUTCOM,NATURALGAS,27NOV2018,,,,226.0000,0.0000,0.0000,0.0000,226.0000,0,0.00,232.1000,206.4000,mmBtu,226.0000,0,1045,0.0000,27 NOV 2018 00:00:00,INR
27NOV2018,0,NORMAL,4,FUTCOM,NATURALGAS,26DEC2018,,,,230.5000,235.0000,235.0000,235.0000,235.0000,1,293.75,237.9000,228.0000,mmBtu,235.0000,1,62,235.0000,27 NOV 2018 00:00:00,INR
27NOV2018,0,NORMAL,4,FUTCOM,NATURALGAS,28JAN2019,,,,235.5000,240.0000,240.0000,240.0000,240.0000,1,300.00,240.0000,235.0000,mmBtu,240.0000,1,2,240.0000,27 NOV 2018 00:00:00,INR
27NOV2018,0,NORMAL,4,FUTCOM,NICKEL,30NOV2018,,,,939.0000,945.0000,945.0000,945.0000,945.0000,1,236.25,957.1000,901.6000,KGS,945.0000,1,301,945.0000,27 NOV 2018 00:00:00,INR
27NOV2018,0,NORMAL,4,FUTCOM,NICKEL,31DEC2018,,,,950.1000,945.0000,945.0000,945.0000,945.0000,1,236.25,950.1000,925.0000,KGS,945.0000,1,0,945.0000,27 NOV 2018 00:00:00,INR
27NOV2018,0,NORMAL,4,FUTCOM,NICKEL,31JAN2019,,,,930.1000,0.0000,0.0000,0.0000,930.1000,0,0.00,0.0000,0.0000,KGS,930.1000,0,0,0.0000,27 NOV 2018 00:00:00,INR
27NOV2018,0,NORMAL,4,FUTCOM,NICKEL,28FEB2019,,,,919.8000,0.0000,0.0000,0.0000,919.8000,0,0.00,0.0000,0.0000,KGS,919.8000,0,0,0.0000,27 NOV 2018 00:00:00,INR
27NOV2018,0,NORMAL,4,FUTCOM,NICKELM,30NOV2018,,,,918.9000,0.0000,0.0000,0.0000,918.9000,0,0.00,965.0000,895.0000,KGS,918.9000,0,215,0.0000,27 NOV 2018 00:00:00,INR
27NOV2018,0,NORMAL,4,FUTCOM,NICKELM,31DEC2018,,,,922.2000,0.0000,0.0000,0.0000,922.2000,0,0.00,939.9000,905.4000,KGS,922.2000,0,2,0.0000,27 NOV 2018 00:00:00,INR
27NOV2018,0,NORMAL,4,FUTCOM,NICKELM,31JAN2019,,,,930.4000,0.0000,0.0000,0.0000,930.4000,0,0.00,915.6000,905.0000,KGS,930.4000,0,2,0.0000,27 NOV 2018 00:00:00,INR
27NOV2018,0,NORMAL,4,FUTCOM,NICKELM,28FEB2019,,,,922.2000,0.0000,0.0000,0.0000,922.2000,0,0.00,0.0000,0.0000,KGS,922.2000,0,0,0.0000,27 NOV 2018 00:00:00,INR
27NOV2018,0,NORMAL,4,FUTCOM,PEPPER,20DEC2018,,,,38500.0000,0.0000,0.0000,0.0000,38500.0000,0,0.00,0.0000,0.0000,KGS,38500.0000,0,0,0.0000,27 NOV 2018 00:00:00,INR
27NOV2018,0,NORMAL,4,FUTCOM,PEPPER,18JAN2019,,,,41000.0000,0.0000,0.0000,0.0000,41000.0000,0,0.00,0.0000,0.0000,KGS,41000.0000,0,0,0.0000,27 NOV 2018 00:00:00,INR
27NOV2018,0,NORMAL,4,FUTCOM,PEPPER,20FEB2019,,,,40000.0000,0.0000,0.0000,0.0000,40000.0000,0,0.00,0.0000,0.0000,KGS,40000.0000,0,0,0.0000,27 NOV 2018 00:00:00,INR
27NOV2018,0,NORMAL,4,FUTCOM,RBDPMOLEIN,30NOV2018,,,,664.0000,0.0000,0.0000,0.0000,664.0000,0,0.00,0.0000,0.0000,KGS,664.0000,0,0,0.0000,27 NOV 2018 00:00:00,INR
27NOV2018,0,NORMAL,4,FUTCOM,RBDPMOLEIN,31DEC2018,,,,666.0000,0.0000,0.0000,0.0000,666.0000,0,0.00,0.0000,0.0000,KGS,666.0000,0,0,0.0000,27 NOV 2018 00:00:00,INR
27NOV2018,0,NORMAL,4,FUTCOM,RBDPMOLEIN,31JAN2019,,,,668.0000,0.0000,0.0000,0.0000,668.0000,0,0.00,0.0000,0.0000,KGS,668.0000,0,0,0.0000,27 NOV 2018 00:00:00,INR
27NOV2018,0,NORMAL,4,FUTCOM,RUBBER,14DEC2018,,,,13229.0000,0.0000,0.0000,0.0000,13229.0000,0,0.00,0.0000,0.0000,KGS,13229.0000,0,0,0.0000,27 NOV 2018 00:00:00,INR
27NOV2018,0,NORMAL,4,FUTCOM,RUBBER,15JAN2019,,,,13200.0000,0.0000,0.0000,0.0000,13200.0000,0,0.00,0.0000,0.0000,KGS,13200.0000,0,0,0.0000,27 NOV 2018 00:00:00,INR
27NOV2018,0,NORMAL,4,FUTCOM,SILVER,05DEC2018,,,,38698.0000,38700.0000,38900.0000,38700.0000,38800.0000,3,3492.00,43059.0000,36641.0000,KGS,38800.0000,3,21828,38800.0000,27 NOV 2018 00:00:00,INR
27NOV2018,0,NORMAL,4,FUTCOM,SILVER,05MAR2019,,,,37500.0000,37000.0000,37000.0000,37000.0000,37000.0000,1,1110.00,43118.0000,37000.0000,KGS,37000.0000,1,1153,37000.0000,27 NOV 2018 00:00:00,INR
27NOV2018,0,NORMAL,4,FUTCOM,SILVER,03MAY2019,,,,39783.0000,0.0000,0.0000,0.0000,39783.0000,0,0.00,44100.0000,38437.0000,KGS,39783.0000,0,4,0.0000,27 NOV 2018 00:00:00,INR
27NOV2018,0,NORMAL,4,FUTCOM,SILVER,05JUL2019,,,,40294.0000,0.0000,0.0000,0.0000,40294.0000,0,0.00,0.0000,0.0000,KGS,40294.0000,0,0,0.0000,27 NOV 2018 00:00:00,INR
27NOV2018,0,NORMAL,4,FUTCOM,SILVER,05SEP2019,,,,40796.0000,0.0000,0.0000,0.0000,40796.0000,0,0.00,0.0000,0.0000,KGS,40796.0000,0,0,0.0000,27 NOV 2018 00:00:00,INR
27NOV2018,0,NORMAL,4,FUTCOM,SILVERM,30NOV2018,,,,38604.0000,0.0000,0.0000,0.0000,38604.0000,0,0.00,43015.0000,36690.0000,KGS,38604.0000,0,18053,0.0000,27 NOV 2018 00:00:00,INR
27NOV2018,0,NORMAL,4,FUTCOM,SILVERM,28FEB2019,,,,39308.0000,0.0000,0.0000,0.0000,39308.0000,0,0.00,42830.0000,37515.0000,KGS,39308.0000,0,569,0.0000,27 NOV 2018 00:00:00,INR
27NOV2018,0,NORMAL,4,FUTCOM,SILVERM,30APR2019,,,,39215.0000,0.0000,0.0000,0.0000,39215.0000,0,0.00,43500.0000,38400.0000,KGS,39215.0000,0,8,0.0000,27 NOV 2018 00:00:00,INR
27NOV2018,0,NORMAL,4,FUTCOM,SILVERM,28JUN2019,,,,40246.0000,0.0000,0.0000,0.0000,40246.0000,0,0.00,41001.0000,41001.0000,KGS,40246.0000,0,1,0.0000,27 NOV 2018 00:00:00,INR
27NOV2018,0,NORMAL,4,FUTCOM,SILVERM,30AUG2019,,,,40739.0000,0.0000,0.0000,0.0000,40739.0000,0,0.00,0.0000,0.0000,KGS,40739.0000,0,0,0.0000,27 NOV 2018 00:00:00,INR
27NOV2018,0,NORMAL,4,FUTCOM,SILVERMIC,30NOV2018,,,,38604.0000,0.0000,0.0000,0.0000,38604.0000,0,0.00,43055.0000,36666.0000,KGS,38604.0000,0,43020,0.0000,27 NOV 2018 00:00:00,INR
27NOV2018,0,NORMAL,4,FUTCOM,SILVERMIC,28FEB2019,,,,39311.0000,0.0000,0.0000,0.0000,39311.0000,0,0.00,41649.0000,37510.0000,KGS,39311.0000,0,3327,0.0000,27 NOV 2018 00:00:00,INR
27NOV2018,0,NORMAL,4,FUTCOM,SILVERMIC,30APR2019,,,,39554.0000,0.0000,0.0000,0.0000,39554.0000,0,0.00,39999.0000,38245.0000,KGS,39554.0000,0,61,0.0000,27 NOV 2018 00:00:00,INR
27NOV2018,0,NORMAL,4,FUTCOM,SILVERMIC,28JUN2019,,,,40799.0000,0.0000,0.0000,0.0000,40799.0000,0,0.00,0.0000,0.0000,KGS,40799.0000,0,0,0.0000,27 NOV 2018 00:00:00,INR
27NOV2018,0,NORMAL,4,FUTCOM,ZINC,30NOV2018,,,,187.8000,187.8000,195.3000,187.8000,191.5500,2,1915.50,195.3000,170.2500,KGS,191.5500,2,158,191.5500,27 NOV 2018 00:00:00,INR
27NOV2018,0,NORMAL,4,FUTCOM,ZINC,31DEC2018,,,,196.8000,198.0000,198.0000,198.0000,198.0000,1,990.00,198.0000,190.0000,KGS,198.0000,1,3,198.0000,27 NOV 2018 00:00:00,INR
27NOV2018,0,NORMAL,4,FUTCOM,ZINC,31JAN2019,,,,190.8500,0.0000,0.0000,0.0000,190.8500,0,0.00,0.0000,0.0000,KGS,190.8500,0,0,0.0000,27 NOV 2018 00:00:00,INR
27NOV2018,0,NORMAL,4,FUTCOM,ZINC,28FEB2019,,,,392.5000,0.0000,0.0000,0.0000,392.5000,0,0.00,0.0000,0.0000,KGS,392.5000,0,0,0.0000,27 NOV 2018 00:00:00,INR
27NOV2018,0,NORMAL,4,FUTCOM,ZINCMINI,30NOV2018,,,,191.5500,0.0000,0.0000,0.0000,191.5500,0,0.00,194.1500,168.6000,KGS,191.5500,0,325,0.0000,27 NOV 2018 00:00:00,INR
27NOV2018,0,NORMAL,4,FUTCOM,ZINCMINI,31DEC2018,,,,191.2000,0.0000,0.0000,0.0000,191.2000,0,0.00,0.0000,0.0000,KGS,191.2000,0,0,0.0000,27 NOV 2018 00:00:00,INR
27NOV2018,0,NORMAL,4,FUTCOM,ZINCMINI,31JAN2019,,,,190.9000,0.0000,0.0000,0.0000,190.9000,0,0.00,0.0000,0.0000,KGS,190.9000,0,0,0.0000,27 NOV 2018 00:00:00,INR
27NOV2018,0,NORMAL,4,FUTCOM,ZINCMINI,28FEB2019,,,,191.4000,0.0000,0.0000,0.0000,191.4000,0,0.00,0.0000,0.0000,KGS,191.4000,0,0,0.0000,27 NOV 2018 00:00:00,INR
27NOV2018,0,NORMAL,21,OPTFUT,COPPER,28NOV2018,,435.0000,CE,24.1400,0.0000,0.0000,0.0000,24.1400,0,0.00,33.4400,8.5100,KGS,22.6500,0,55,0.0000,27 NOV 2018 00:00:00,INR
27NOV2018,0,NORMAL,21,OPTFUT,COPPER,28NOV2018,,435.0000,PE,0.0100,0.0000,0.0000,0.0000,0.0100,0,0.00,28.3100,5.4400,KGS,0.0100,0,29,0.0000,27 NOV 2018 00:00:00,INR
27NOV2018,0,NORMAL,21,OPTFUT,COPPER,28NOV2018,,440.0000,CE,19.1400,0.0000,0.0000,0.0000,19.1400,0,0.00,28.6500,6.9100,KGS,17.6500,0,57,0.0000,27 NOV 2018 00:00:00,INR
27NOV2018,0,NORMAL,21,OPTFUT,COPPER,28NOV2018,,440.0000,PE,0.0100,0.0000,0.0000,0.0000,0.0100,0,0.00,25.3100,6.9700,KGS,0.0100,0,70,0.0000,27 NOV 2018 00:00:00,INR
27NOV2018,0,NORMAL,21,OPTFUT,COPPER,28NOV2018,,445.0000,CE,14.1500,0.0000,0.0000,0.0000,14.1500,0,0.00,24.6000,6.0000,KGS,12.6500,0,21,0.0000,27 NOV 2018 00:00:00,INR
27NOV2018,0,NORMAL,21,OPTFUT,COPPER,28NOV2018,,445.0000,PE,0.0100,0.0000,0.0000,0.0000,0.0100,0,0.00,18.7300,8.5700,KGS,0.0100,0,54,0.0000,27 NOV 2018 00:00:00,INR
27NOV2018,0,NORMAL,21,OPTFUT,COPPER,28NOV2018,,450.0000,CE,9.1900,0.0000,0.0000,0.0000,9.1900,0,0.00,22.4000,5.0000,KGS,7.6600,0,83,0.0000,27 NOV 2018 00:00:00,INR
27NOV2018,0,NORMAL,21,OPTFUT,COPPER,28NOV2018,,450.0000,PE,0.0500,0.0000,0.0000,0.0000,0.0500,0,0.00,17.9800,10.3000,KGS,0.0100,0,47,0.0000,27 NOV 2018 00:00:00,INR
27NOV2018,0,NORMAL,21,OPTFUT,COPPER,28NOV2018,,455.0000,CE,4.6500,0.0000,0.0000,0.0000,4.6500,0,0.00,19.0800,5.2500,KGS,3.0400,0,11,0.0000,27 NOV 2018 00:00:00,INR
27NOV2018,0,NORMAL,21,OPTFUT,COPPER,28NOV2018,,455.0000,PE,0.5000,0.0000,0.0000,0.0000,0.5000,0,0.00,17.1800,12.6300,KGS,0.3900,0,21,0.0000,27 NOV 2018 00:00:00,INR
27NOV2018,0,NORMAL,21,OPTFUT,COPPER,28NOV2018,,460.0000,CE,1.5100,0.0000,0.0000,0.0000,1.5100,0,0.00,17.0700,3.5000,KGS,0.4600,0,65,0.0000,27 NOV 2018 00:00:00,INR
27NOV2018,0,NORMAL,21,OPTFUT,COPPER,28NOV2018,,460.0000,PE,2.3600,0.0000,0.0000,0.0000,2.3600,0,0.00,22.0600,14.9000,KGS,2.8100,0,7,0.0000,27 NOV 2018 00:00:00,INR
27NOV2018,0,NORMAL,21,OPTFUT,COPPER,28NOV2018,,465.0000,CE,0.2600,0.0000,0.0000,0.0000,0.2600,0,0.00,10.9700,5.9800,KGS,0.0200,0,7,0.0000,27 NOV 2018 00:00:00,INR
27NOV2018,0,NORMAL,21,OPTFUT,COPPER,28NOV2018,,465.0000,PE,6.1100,0.0000,0.0000,0.0000,6.1100,0,0.00,19.8000,19.8000,KGS,7.3600,0,1,0.0000,27 NOV 2018 00:00:00,INR
27NOV2018,0,NORMAL,21,OPTFUT,COPPER,28NOV2018,,470.0000,CE,0.0200,0.0000,0.0000,0.0000,0.0200,0,0.00,12.7100,4.7000,KGS,0.0100,0,34,0.0000,27 NOV 2018 00:00:00,INR
27NOV2018,0,NORMAL,21,OPTFUT,COPPER,28NOV2018,,470.0000,PE,10.8700,0.0000,0.0000,0.0000,10.8700,0,0.00,0.0000,0.0000,KGS,12.3500,0,0,0.0000,27 NOV 2018 00:00:00,INR
27NOV2018,0,NORMAL,21,OPTFUT,COPPER,28NOV2018,,475.0000,CE,0.0100,0.0000,0.0000,0.0000,0.0100,0,0.00,9.0000,8.5200,KGS,0.0100,0,4,0.0000,27 NOV 2018 00:00:00,INR
27NOV2018,0,NORMAL,21,OPTFUT,COPPER,28NOV2018,,475.0000,PE,15.8400,0.0000,0.0000,0.0000,15.8400,0,0.00,0.0000,0.0000,KGS,17.3500,0,0,0.0000,27 NOV 2018 00:00:00,INR
27NOV2018,0,NORMAL,21,OPTFUT,COPPER,28NOV2018,,480.0000,CE,0.0100,0.0000,0.0000,0.0000,0.0100,0,0.00,7.9000,2.0000,KGS,0.0100,0,7,0.0000,27 NOV 2018 00:00:00,INR
27NOV2018,0,NORMAL,21,OPTFUT,COPPER,28NOV2018,,480.0000,PE,20.8400,0.0000,0.0000,0.0000,20.8400,0,0.00,0.0000,0.0000,KGS,22.3500,0,0,0.0000,27 NOV 2018 00:00:00,INR
27NOV2018,0,NORMAL,21,OPTFUT,COPPER,28NOV2018,,485.0000,CE,0.0100,0.0000,0.0000,0.0000,0.0100,0,0.00,0.0000,0.0000,KGS,0.0100,0,0,0.0000,27 NOV 2018 00:00:00,INR
27NOV2018,0,NORMAL,21,OPTFUT,COPPER,28NOV2018,,485.0000,PE,25.8400,0.0000,0.0000,0.0000,25.8400,0,0.00,0.0000,0.0000,KGS,27.3400,0,0,0.0000,27 NOV 2018 00:00:00,INR
27NOV2018,0,NORMAL,21,OPTFUT,COPPER,28NOV2018,,490.0000,CE,0.0100,0.0000,0.0000,0.0000,0.0100,0,0.00,0.0000,0.0000,KGS,0.0100,0,0,0.0000,27 NOV 2018 00:00:00,INR
27NOV2018,0,NORMAL,21,OPTFUT,COPPER,28NOV2018,,490.0000,PE,30.8400,0.0000,0.0000,0.0000,30.8400,0,0.00,0.0000,0.0000,KGS,32.3400,0,0,0.0000,27 NOV 2018 00:00:00,INR
27NOV2018,0,NORMAL,21,OPTFUT,COPPER,28NOV2018,,495.0000,CE,0.0100,0.0000,0.0000,0.0000,0.0100,0,0.00,0.0000,0.0000,KGS,0.0100,0,0,0.0000,27 NOV 2018 00:00:00,INR
27NOV2018,0,NORMAL,21,OPTFUT,COPPER,28NOV2018,,495.0000,PE,35.8400,0.0000,0.0000,0.0000,35.8400,0,0.00,0.0000,0.0000,KGS,37.3400,0,0,0.0000,27 NOV 2018 00:00:00,INR
27NOV2018,0,NORMAL,21,OPTFUT,COPPER,28NOV2018,,500.0000,CE,0.0100,0.0000,0.0000,0.0000,0.0100,0,0.00,0.0000,0.0000,KGS,0.0100,0,0,0.0000,27 NOV 2018 00:00:00,INR
27NOV2018,0,NORMAL,21,OPTFUT,COPPER,28NOV2018,,500.0000,PE,40.8300,0.0000,0.0000,0.0000,40.8300,0,0.00,0.0000,0.0000,KGS,42.3400,0,0,0.0000,27 NOV 2018 00:00:00,INR
27NOV2018,0,NORMAL,21,OPTFUT,COPPER,28NOV2018,,505.0000,CE,0.0100,0.0000,0.0000,0.0000,0.0100,0,0.00,0.0000,0.0000,KGS,0.0100,0,0,0.0000,27 NOV 2018 00:00:00,INR
27NOV2018,0,NORMAL,21,OPTFUT,COPPER,28NOV2018,,505.0000,PE,45.8300,0.0000,0.0000,0.0000,45.8300,0,0.00,0.0000,0.0000,KGS,47.3400,0,0,0.0000,27 NOV 2018 00:00:00,INR
27NOV2018,0,NORMAL,21,OPTFUT,COPPER,28NOV2018,,510.0000,CE,0.0100,0.0000,0.0000,0.0000,0.0100,0,0.00,0.0000,0.0000,KGS,0.0100,0,0,0.0000,27 NOV 2018 00:00:00,INR
27NOV2018,0,NORMAL,21,OPTFUT,COPPER,28NOV2018,,510.0000,PE,50.8300,0.0000,0.0000,0.0000,50.8300,0,0.00,0.0000,0.0000,KGS,52.3400,0,0,0.0000,27 NOV 2018 00:00:00,INR
27NOV2018,0,NORMAL,21,OPTFUT,COPPER,28NOV2018,,515.0000,CE,0.0100,0.0000,0.0000,0.0000,0.0100,0,0.00,0.0000,0.0000,KGS,0.0100,0,0,0.0000,27 NOV 2018 00:00:00,INR
27NOV2018,0,NORMAL,21,OPTFUT,COPPER,28NOV2018,,515.0000,PE,55.8300,0.0000,0.0000,0.0000,55.8300,0,0.00,0.0000,0.0000,KGS,57.3400,0,0,0.0000,27 NOV 2018 00:00:00,INR
27NOV2018,0,NORMAL,21,OPTFUT,COPPER,28NOV2018,,430.0000,CE,29.1400,0.0000,0.0000,0.0000,29.1400,0,0.00,36.0000,9.7600,KGS,27.6400,0,69,0.0000,27 NOV 2018 00:00:00,INR
27NOV2018,0,NORMAL,21,OPTFUT,COPPER,28NOV2018,,430.0000,PE,0.0100,0.0000,0.0000,0.0000,0.0100,0,0.00,24.7700,4.2500,KGS,0.0100,0,33,0.0000,27 NOV 2018 00:00:00,INR
27NOV2018,0,NORMAL,21,OPTFUT,COPPER,28NOV2018,,520.0000,CE,0.0100,0.0000,0.0000,0.0000,0.0100,0,0.00,0.0000,0.0000,KGS,0.0100,0,0,0.0000,27 NOV 2018 00:00:00,INR
27NOV2018,0,NORMAL,21,OPTFUT,COPPER,28NOV2018,,520.0000,PE,60.8300,0.0000,0.0000,0.0000,60.8300,0,0.00,0.0000,0.0000,KGS,62.3400,0,0,0.0000,27 NOV 2018 00:00:00,INR
27NOV2018,0,NORMAL,21,OPTFUT,COPPER,28NOV2018,,525.0000,CE,0.0100,0.0000,0.0000,0.0000,0.0100,0,0.00,0.0000,0.0000,KGS,0.0100,0,0,0.0000,27 NOV 2018 00:00:00,INR
27NOV2018,0,NORMAL,21,OPTFUT,COPPER,28NOV2018,,525.0000,PE,65.8200,0.0000,0.0000,0.0000,65.8200,0,0.00,0.0000,0.0000,KGS,67.3400,0,0,0.0000,27 NOV 2018 00:00:00,INR
27NOV2018,0,NORMAL,21,OPTFUT,COPPER,28NOV2018,,530.0000,CE,0.0100,0.0000,0.0000,0.0000,0.0100,0,0.00,0.0000,0.0000,KGS,0.0100,0,0,0.0000,27 NOV 2018 00:00:00,INR
27NOV2018,0,NORMAL,21,OPTFUT,COPPER,28NOV2018,,530.0000,PE,70.8200,0.0000,0.0000,0.0000,70.8200,0,0.00,0.0000,0.0000,KGS,72.3400,0,0,0.0000,27 NOV 2018 00:00:00,INR
27NOV2018,0,NORMAL,21,OPTFUT,COPPER,28NOV2018,,535.0000,CE,0.0100,0.0000,0.0000,0.0000,0.0100,0,0.00,0.0000,0.0000,KGS,0.0100,0,0,0.0000,27 NOV 2018 00:00:00,INR
27NOV2018,0,NORMAL,21,OPTFUT,COPPER,28NOV2018,,535.0000,PE,75.8200,0.0000,0.0000,0.0000,75.8200,0,0.00,0.0000,0.0000,KGS,77.3300,0,0,0.0000,27 NOV 2018 00:00:00,INR
27NOV2018,0,NORMAL,21,OPTFUT,COPPER,28NOV2018,,425.0000,CE,34.1400,0.0000,0.0000,0.0000,34.1400,0,0.00,39.3300,12.2500,KGS,32.6400,0,16,0.0000,27 NOV 2018 00:00:00,INR
27NOV2018,0,NORMAL,21,OPTFUT,COPPER,28NOV2018,,425.0000,PE,0.0100,0.0000,0.0000,0.0000,0.0100,0,0.00,21.6700,4.2500,KGS,0.0100,0,121,0.0000,27 NOV 2018 00:00:00,INR
27NOV2018,0,NORMAL,21,OPTFUT,COPPER,28NOV2018,,420.0000,CE,39.1300,0.0000,0.0000,0.0000,39.1300,0,0.00,45.0000,13.5200,KGS,37.6400,0,25,0.0000,27 NOV 2018 00:00:00,INR
27NOV2018,0,NORMAL,21,OPTFUT,COPPER,28NOV2018,,420.0000,PE,0.0100,0.0000,0.0000,0.0000,0.0100,0,0.00,18.6400,2.7300,KGS,0.0100,0,100,0.0000,27 NOV 2018 00:00:00,INR
27NOV2018,0,NORMAL,21,OPTFUT,COPPER,28NOV2018,,415.0000,CE,44.1300,0.0000,0.0000,0.0000,44.1300,0,0.00,46.5000,15.8000,KGS,42.6400,0,8,0.0000,27 NOV 2018 00:00:00,INR
27NOV2018,0,NORMAL,21,OPTFUT,COPPER,28NOV2018,,415.0000,PE,0.0100,0.0000,0.0000,0.0000,0.0100,0,0.00,16.0200,2.2000,KGS,0.0100,0,124,0.0000,27 NOV 2018 00:00:00,INR
27NOV2018,0,NORMAL,21,OPTFUT,COPPER,28NOV2018,,410.0000,CE,49.1300,0.0000,0.0000,0.0000,49.1300,0,0.00,37.8400,20.9300,KGS,47.6400,0,1,0.0000,27 NOV 2018 00:00:00,INR
27NOV2018,0,NORMAL,21,OPTFUT,COPPER,28NOV2018,,410.0000,PE,0.0100,0.0000,0.0000,0.0000,0.0100,0,0.00,13.0000,1.8000,KGS,0.0100,0,75,0.0000,27 NOV 2018 00:00:00,INR
27NOV2018,0,NORMAL,21,OPTFUT,COPPER,28NOV2018,,405.0000,CE,54.1300,0.0000,0.0000,0.0000,54.1300,0,0.00,51.5000,26.6500,KGS,52.6400,0,2,0.0000,27 NOV 2018 00:00:00,INR
27NOV2018,0,NORMAL,21,OPTFUT,COPPER,28NOV2018,,405.0000,PE,0.0100,0.0000,0.0000,0.0000,0.0100,0,0.00,11.0000,1.2800,KGS,0.0100,0,69,0.0000,27 NOV 2018 00:00:00,INR
27NOV2018,0,NORMAL,21,OPTFUT,COPPER,28NOV2018,,395.0000,CE,64.1200,0.0000,0.0000,0.0000,64.1200,0,0.00,0.0000,0.0000,KGS,62.6400,0,0,0.0000,27 NOV 2018 00:00:00,INR
27NOV2018,0,NORMAL,21,OPTFUT,COPPER,28NOV2018,,395.0000,PE,0.0100,0.0000,0.0000,0.0000,0.0100,0,0.00,2.9000,2.9000,KGS,0.0100,0,1,0.0000,27 NOV 2018 00:00:00,INR
27NOV2018,0,NORMAL,21,OPTFUT,COPPER,28NOV2018,,400.0000,CE,59.1300,0.0000,0.0000,0.0000,59.1300,0,0.00,32.8000,30.7000,KGS,57.6400,0,0,0.0000,27 NOV 2018 00:00:00,INR
27NOV2018,0,NORMAL,21,OPTFUT,COPPER,28NOV2018,,400.0000,PE,0.0100,0.0000,0.0000,0.0000,0.0100,0,0.00,9.7500,2.0000,KGS,0.0100,0,13,0.0000,27 NOV 2018 00:00:00,INR
27NOV2018,0,NORMAL,21,OPTFUT,COPPER,28NOV2018,,390.0000,CE,69.1200,0.0000,0.0000,0.0000,69.1200,0,0.00,0.0000,0.0000,KGS,67.6400,0,0,0.0000,27 NOV 2018 00:00:00,INR
27NOV2018,0,NORMAL,21,OPTFUT,COPPER,28NOV2018,,390.0000,PE,0.0100,0.0000,0.0000,0.0000,0.0100,0,0.00,7.0200,1.5000,KGS,0.0100,0,5,0.0000,27 NOV 2018 00:00:00,INR
27NOV2018,0,NORMAL,21,OPTFUT,COPPER,28NOV2018,,385.0000,CE,74.1200,0.0000,0.0000,0.0000,74.1200,0,0.00,0.0000,0.0000,KGS,72.6400,0,0,0.0000,27 NOV 2018 00:00:00,INR
27NOV2018,0,NORMAL,21,OPTFUT,COPPER,28NOV2018,,385.0000,PE,0.0100,0.0000,0.0000,0.0000,0.0100,0,0.00,0.0000,0.0000,KGS,0.0100,0,0,0.0000,27 NOV 2018 00:00:00,INR
27NOV2018,0,NORMAL,21,OPTFUT,COPPER,28NOV2018,,380.0000,CE,79.1200,0.0000,0.0000,0.0000,79.1200,0,0.00,0.0000,0.0000,KGS,77.6300,0,0,0.0000,27 NOV 2018 00:00:00,INR
27NOV2018,0,NORMAL,21,OPTFUT,COPPER,28NOV2018,,380.0000,PE,0.0100,0.0000,0.0000,0.0000,0.0100,0,0.00,3.0000,3.0000,KGS,0.0100,0,1,0.0000,27 NOV 2018 00:00:00,INR
27NOV2018,0,NORMAL,21,OPTFUT,COPPER,26FEB2019,,425.0000,CE,28.7600,0.0000,0.0000,0.0000,28.7600,0,0.00,0.0000,0.0000,KGS,26.9200,0,0,0.0000,27 NOV 2018 00:00:00,INR
27NOV2018,0,NORMAL,21,OPTFUT,COPPER,26FEB2019,,425.0000,PE,4.1600,0.0000,0.0000,0.0000,4.1600,0,0.00,0.0000,0.0000,KGS,4.3300,0,0,0.0000,27 NOV 2018 00:00:00,INR
27NOV2018,0,NORMAL,21,OPTFUT,COPPER,26FEB2019,,430.0000,CE,25.1200,0.0000,0.0000,0.0000,25.1200,0,0.00,0.0000,0.0000,KGS,23.3500,0,0,0.0000,27 NOV 2018 00:00:00,INR
27NOV2018,0,NORMAL,21,OPTFUT,COPPER,26FEB2019,,430.0000,PE,5.4400,0.0000,0.0000,0.0000,5.4400,0,0.00,0.0000,0.0000,KGS,5.6700,0,0,0.0000,27 NOV 2018 00:00:00,INR
27NOV2018,0,NORMAL,21,OPTFUT,COPPER,26FEB2019,,435.0000,CE,21.7500,0.0000,0.0000,0.0000,21.7500,0,0.00,0.0000,0.0000,KGS,20.0500,0,0,0.0000,27 NOV 2018 00:00:00,INR
27NOV2018,0,NORMAL,21,OPTFUT,COPPER,26FEB2019,,435.0000,PE,6.9700,0.0000,0.0000,0.0000,6.9700,0,0.00,0.0000,0.0000,KGS,7.2900,0,0,0.0000,27 NOV 2018 00:00:00,INR
27NOV2018,0,NORMAL,21,OPTFUT,COPPER,26FEB2019,,440.0000,CE,18.6400,0.0000,0.0000,0.0000,18.6400,0,0.00,0.0000,0.0000,KGS,17.0400,0,0,0.0000,27 NOV 2018 00:00:00,INR
27NOV2018,0,NORMAL,21,OPTFUT,COPPER,26FEB2019,,440.0000,PE,8.7800,0.0000,0.0000,0.0000,8.7800,0,0.00,0.0000,0.0000,KGS,9.1900,0,0,0.0000,27 NOV 2018 00:00:00,INR
27NOV2018,0,NORMAL,21,OPTFUT,COPPER,26FEB2019,,445.0000,CE,15.8300,0.0000,0.0000,0.0000,15.8300,0,0.00,0.0000,0.0000,KGS,14.3300,0,0,0.0000,27 NOV 2018 00:00:00,INR
27NOV2018,0,NORMAL,21,OPTFUT,COPPER,26FEB2019,,445.0000,PE,10.8700,0.0000,0.0000,0.0000,10.8700,0,0.00,0.0000,0.0000,KGS,11.3900,0,0,0.0000,27 NOV 2018 00:00:00,INR
27NOV2018,0,NORMAL,21,OPTFUT,COPPER,26FEB2019,,450.0000,CE,13.3000,0.0000,0.0000,0.0000,13.3000,0,0.00,0.0000,0.0000,KGS,11.9200,0,0,0.0000,27 NOV 2018 00:00:00,INR
27NOV2018,0,NORMAL,21,OPTFUT,COPPER,26FEB2019,,450.0000,PE,13.2500,0.0000,0.0000,0.0000,13.2500,0,0.00,0.0000,0.0000,KGS,13.8800,0,0,0.0000,27 NOV 2018 00:00:00,INR
27NOV2018,0,NORMAL,21,OPTFUT,COPPER,26FEB2019,,455.0000,CE,11.0600,0.0000,0.0000,0.0000,11.0600,0,0.00,0.0000,0.0000,KGS,9.8000,0,0,0.0000,27 NOV 2018 00:00:00,INR
27NOV2018,0,NORMAL,21,OPTFUT,COPPER,26FEB2019,,455.0000,PE,15.9200,0.0000,0.0000,0.0000,15.9200,0,0.00,0.0000,0.0000,KGS,16.6700,0,0,0.0000,27 NOV 2018 00:00:00,INR
27NOV2018,0,NORMAL,21,OPTFUT,COPPER,26FEB2019,,460.0000,CE,9.1000,0.0000,0.0000,0.0000,9.1000,0,0.00,0.0000,0.0000,KGS,7.9700,0,0,0.0000,27 NOV 2018 00:00:00,INR
27NOV2018,0,NORMAL,21,OPTFUT,COPPER,26FEB2019,,460.0000,PE,18.8700,0.0000,0.0000,0.0000,18.8700,0,0.00,0.0000,0.0000,KGS,19.7500,0,0,0.0000,27 NOV 2018 00:00:00,INR
27NOV2018,0,NORMAL,21,OPTFUT,COPPER,26FEB2019,,465.0000,CE,7.4000,0.0000,0.0000,0.0000,7.4000,0,0.00,0.0000,0.0000,KGS,6.4000,0,0,0.0000,27 NOV 2018 00:00:00,INR
27NOV2018,0,NORMAL,21,OPTFUT,COPPER,26FEB2019,,465.0000,PE,22.0800,0.0000,0.0000,0.0000,22.0800,0,0.00,0.0000,0.0000,KGS,23.1000,0,0,0.0000,27 NOV 2018 00:00:00,INR
27NOV2018,0,NORMAL,21,OPTFUT,COPPER,26FEB2019,,470.0000,CE,5.9600,0.0000,0.0000,0.0000,5.9600,0,0.00,0.0000,0.0000,KGS,5.0800,0,0,0.0000,27 NOV 2018 00:00:00,INR
27NOV2018,0,NORMAL,21,OPTFUT,COPPER,26FEB2019,,470.0000,PE,25.5500,0.0000,0.0000,0.0000,25.5500,0,0.00,0.0000,0.0000,KGS,26.6900,0,0,0.0000,27 NOV 2018 00:00:00,INR
27NOV2018,0,NORMAL,21,OPTFUT,COPPER,26FEB2019,,475.0000,CE,4.7500,0.0000,0.0000,0.0000,4.7500,0,0.00,0.0000,0.0000,KGS,3.9900,0,0,0.0000,27 NOV 2018 00:00:00,INR
27NOV2018,0,NORMAL,21,OPTFUT,COPPER,26FEB2019,,475.0000,PE,29.2400,0.0000,0.0000,0.0000,29.2400,0,0.00,0.0000,0.0000,KGS,30.5100,0,0,0.0000,27 NOV 2018 00:00:00,INR
27NOV2018,0,NORMAL,21,OPTFUT,COPPER,26FEB2019,,480.0000,CE,3.7400,0.0000,0.0000,0.0000,3.7400,0,0.00,0.0000,0.0000,KGS,3.1000,0,0,0.0000,27 NOV 2018 00:00:00,INR
27NOV2018,0,NORMAL,21,OPTFUT,COPPER,26FEB2019,,480.0000,PE,33.1500,0.0000,0.0000,0.0000,33.1500,0,0.00,0.0000,0.0000,KGS,34.5200,0,0,0.0000,27 NOV 2018 00:00:00,INR
27NOV2018,0,NORMAL,21,OPTFUT,COPPER,26FEB2019,,485.0000,CE,2.9100,0.0000,0.0000,0.0000,2.9100,0,0.00,0.0000,0.0000,KGS,2.3700,0,0,0.0000,27 NOV 2018 00:00:00,INR
27NOV2018,0,NORMAL,21,OPTFUT,COPPER,26FEB2019,,485.0000,PE,37.2300,0.0000,0.0000,0.0000,37.2300,0,0.00,0.0000,0.0000,KGS,38.7100,0,0,0.0000,27 NOV 2018 00:00:00,INR
27NOV2018,0,NORMAL,21,OPTFUT,COPPER,26FEB2019,,490.0000,CE,2.2500,0.0000,0.0000,0.0000,2.2500,0,0.00,0.0000,0.0000,KGS,1.8000,0,0,0.0000,27 NOV 2018 00:00:00,INR
27NOV2018,0,NORMAL,21,OPTFUT,COPPER,26FEB2019,,490.0000,PE,41.4700,0.0000,0.0000,0.0000,41.4700,0,0.00,0.0000,0.0000,KGS,43.0400,0,0,0.0000,27 NOV 2018 00:00:00,INR
27NOV2018,0,NORMAL,21,OPTFUT,COPPER,26FEB2019,,495.0000,CE,1.7100,0.0000,0.0000,0.0000,1.7100,0,0.00,0.0000,0.0000,KGS,1.3500,0,0,0.0000,27 NOV 2018 00:00:00,INR
27NOV2018,0,NORMAL,21,OPTFUT,COPPER,26FEB2019,,495.0000,PE,45.8500,0.0000,0.0000,0.0000,45.8500,0,0.00,0.0000,0.0000,KGS,47.5000,0,0,0.0000,27 NOV 2018 00:00:00,INR
27NOV2018,0,NORMAL,21,OPTFUT,COPPER,26FEB2019,,420.0000,CE,32.6300,0.0000,0.0000,0.0000,32.6300,0,0.00,0.0000,0.0000,KGS,30.7400,0,0,0.0000,27 NOV 2018 00:00:00,INR
27NOV2018,0,NORMAL,21,OPTFUT,COPPER,26FEB2019,,420.0000,PE,3.1200,0.0000,0.0000,0.0000,3.1200,0,0.00,0.0000,0.0000,KGS,3.2400,0,0,0.0000,27 NOV 2018 00:00:00,INR
27NOV2018,0,NORMAL,21,OPTFUT,COPPER,26FEB2019,,415.0000,CE,36.7100,0.0000,0.0000,0.0000,36.7100,0,0.00,0.0000,0.0000,KGS,34.7800,0,0,0.0000,27 NOV 2018 00:00:00,INR
27NOV2018,0,NORMAL,21,OPTFUT,COPPER,26FEB2019,,415.0000,PE,2.2900,0.0000,0.0000,0.0000,2.2900,0,0.00,0.0000,0.0000,KGS,2.3700,0,0,0.0000,27 NOV 2018 00:00:00,INR
27NOV2018,0,NORMAL,21,OPTFUT,COPPER,26FEB2019,,410.0000,CE,40.9700,0.0000,0.0000,0.0000,40.9700,0,0.00,0.0000,0.0000,KGS,39.0100,0,0,0.0000,27 NOV 2018 00:00:00,INR
27NOV2018,0,NORMAL,21,OPTFUT,COPPER,26FEB2019,,410.0000,PE,1.6500,0.0000,0.0000,0.0000,1.6500,0,0.00,0.0000,0.0000,KGS,1.6900,0,0,0.0000,27 NOV 2018 00:00:00,INR
27NOV2018,0,NORMAL,21,OPTFUT,COPPER,26FEB2019,,400.0000,CE,49.9300,0.0000,0.0000,0.0000,49.9300,0,0.00,0.0000,0.0000,KGS,47.9400,0,0,0.0000,27 NOV 2018 00:00:00,INR
27NOV2018,0,NORMAL,21,OPTFUT,COPPER,26FEB2019,,400.0000,PE,0.7900,0.0000,0.0000,0.0000,0.7900,0,0.00,0.0000,0.0000,KGS,0.8000,0,0,0.0000,27 NOV 2018 00:00:00,INR
27NOV2018,0,NORMAL,21,OPTFUT,COPPER,26FEB2019,,405.0000,CE,45.3900,0.0000,0.0000,0.0000,45.3900,0,0.00,0.0000,0.0000,KGS,43.4100,0,0,0.0000,27 NOV 2018 00:00:00,INR
27NOV2018,0,NORMAL,21,OPTFUT,COPPER,26FEB2019,,405.0000,PE,1.1600,0.0000,0.0000,0.0000,1.1600,0,0.00,0.0000,0.0000,KGS,1.1800,0,0,0.0000,27 NOV 2018 00:00:00,INR
27NOV2018,0,NORMAL,21,OPTFUT,COPPER,26FEB2019,,395.0000,CE,54.5800,0.0000,0.0000,0.0000,54.5800,0,0.00,0.0000,0.0000,KGS,52.5700,0,0,0.0000,27 NOV 2018 00:00:00,INR
27NOV2018,0,NORMAL,21,OPTFUT,COPPER,26FEB2019,,395.0000,PE,0.5300,0.0000,0.0000,0.0000,0.5300,0,0.00,0.0000,0.0000,KGS,0.5300,0,0,0.0000,27 NOV 2018 00:00:00,INR
27NOV2018,0,NORMAL,21,OPTFUT,COPPER,26FEB2019,,385.0000,CE,64.0800,0.0000,0.0000,0.0000,64.0800,0,0.00,0.0000,0.0000,KGS,62.0800,0,0,0.0000,27 NOV 2018 00:00:00,INR
27NOV2018,0,NORMAL,21,OPTFUT,COPPER,26FEB2019,,385.0000,PE,0.2100,0.0000,0.0000,0.0000,0.2100,0,0.00,0.0000,0.0000,KGS,0.2100,0,0,0.0000,27 NOV 2018 00:00:00,INR
27NOV2018,0,NORMAL,21,OPTFUT,COPPER,26FEB2019,,390.0000,CE,59.3000,0.0000,0.0000,0.0000,59.3000,0,0.00,0.0000,0.0000,KGS,57.3000,0,0,0.0000,27 NOV 2018 00:00:00,INR
27NOV2018,0,NORMAL,21,OPTFUT,COPPER,26FEB2019,,390.0000,PE,0.3400,0.0000,0.0000,0.0000,0.3400,0,0.00,0.0000,0.0000,KGS,0.3400,0,0,0.0000,27 NOV 2018 00:00:00,INR
27NOV2018,0,NORMAL,21,OPTFUT,COPPER,26FEB2019,,500.0000,CE,1.2900,0.0000,0.0000,0.0000,1.2900,0,0.00,0.0000,0.0000,KGS,1.0000,0,0,0.0000,27 NOV 2018 00:00:00,INR
27NOV2018,0,NORMAL,21,OPTFUT,COPPER,26FEB2019,,500.0000,PE,50.3400,0.0000,0.0000,0.0000,50.3400,0,0.00,0.0000,0.0000,KGS,52.0600,0,0,0.0000,27 NOV 2018 00:00:00,INR
27NOV2018,0,NORMAL,21,OPTFUT,COPPER,26APR2019,,395.0000,CE,65.6400,0.0000,0.0000,0.0000,65.6400,0,0.00,0.0000,0.0000,KGS,65.6200,0,0,0.0000,27 NOV 2018 00:00:00,INR
27NOV2018,0,NORMAL,21,OPTFUT,COPPER,26APR2019,,395.0000,PE,0.1400,0.0000,0.0000,0.0000,0.1400,0,0.00,0.0000,0.0000,KGS,0.1100,0,0,0.0000,27 NOV 2018 00:00:00,INR
27NOV2018,0,NORMAL,21,OPTFUT,COPPER,26APR2019,,400.0000,CE,60.8700,0.0000,0.0000,0.0000,60.8700,0,0.00,0.0000,0.0000,KGS,60.8400,0,0,0.0000,27 NOV 2018 00:00:00,INR
27NOV2018,0,NORMAL,21,OPTFUT,COPPER,26APR2019,,400.0000,PE,0.2300,0.0000,0.0000,0.0000,0.2300,0,0.00,0.0000,0.0000,KGS,0.1800,0,0,0.0000,27 NOV 2018 00:00:00,INR
27NOV2018,0,NORMAL,21,OPTFUT,COPPER,26APR2019,,405.0000,CE,56.1600,0.0000,0.0000,0.0000,56.1600,0,0.00,0.0000,0.0000,KGS,56.1000,0,0,0.0000,27 NOV 2018 00:00:00,INR
27NOV2018,0,NORMAL,21,OPTFUT,COPPER,26APR2019,,405.0000,PE,0.3600,0.0000,0.0000,0.0000,0.3600,0,0.00,0.0000,0.0000,KGS,0.2900,0,0,0.0000,27 NOV 2018 00:00:00,INR
27NOV2018,0,NORMAL,21,OPTFUT,COPPER,26APR2019,,410.0000,CE,51.5000,0.0000,0.0000,0.0000,51.5000,0,0.00,0.0000,0.0000,KGS,51.4200,0,0,0.0000,27 NOV 2018 00:00:00,INR
27NOV2018,0,NORMAL,21,OPTFUT,COPPER,26APR2019,,410.0000,PE,0.5600,0.0000,0.0000,0.0000,0.5600,0,0.00,0.0000,0.0000,KGS,0.4700,0,0,0.0000,27 NOV 2018 00:00:00,INR
27NOV2018,0,NORMAL,21,OPTFUT,COPPER,26APR2019,,415.0000,CE,46.9400,0.0000,0.0000,0.0000,46.9400,0,0.00,0.0000,0.0000,KGS,46.8200,0,0,0.0000,27 NOV 2018 00:00:00,INR
27NOV2018,0,NORMAL,21,OPTFUT,COPPER,26APR2019,,415.0000,PE,0.8400,0.0000,0.0000,0.0000,0.8400,0,0.00,0.0000,0.0000,KGS,0.7200,0,0,0.0000,27 NOV 2018 00:00:00,INR
27NOV2018,0,NORMAL,21,OPTFUT,COPPER,26APR2019,,420.0000,CE,42.4700,0.0000,0.0000,0.0000,42.4700,0,0.00,0.0000,0.0000,KGS,42.3200,0,0,0.0000,27 NOV 2018 00:00:00,INR
27NOV2018,0,NORMAL,21,OPTFUT,COPPER,26APR2019,,420.0000,PE,1.2300,0.0000,0.0000,0.0000,1.2300,0,0.00,0.0000,0.0000,KGS,1.0700,0,0,0.0000,27 NOV 2018 00:00:00,INR
27NOV2018,0,NORMAL,21,OPTFUT,COPPER,26APR2019,,425.0000,CE,38.1500,0.0000,0.0000,0.0000,38.1500,0,0.00,0.0000,0.0000,KGS,37.9600,0,0,0.0000,27 NOV 2018 00:00:00,INR
27NOV2018,0,NORMAL,21,OPTFUT,COPPER,26APR2019,,425.0000,PE,1.7600,0.0000,0.0000,0.0000,1.7600,0,0.00,0.0000,0.0000,KGS,1.5600,0,0,0.0000,27 NOV 2018 00:00:00,INR
27NOV2018,0,NORMAL,21,OPTFUT,COPPER,26APR2019,,430.0000,CE,33.9900,0.0000,0.0000,0.0000,33.9900,0,0.00,0.0000,0.0000,KGS,33.7500,0,0,0.0000,27 NOV 2018 00:00:00,INR
27NOV2018,0,NORMAL,21,OPTFUT,COPPER,26APR2019,,430.0000,PE,2.4500,0.0000,0.0000,0.0000,2.4500,0,0.00,0.0000,0.0000,KGS,2.2100,0,0,0.0000,27 NOV 2018 00:00:00,INR
27NOV2018,0,NORMAL,21,OPTFUT,COPPER,26APR2019,,435.0000,CE,30.0200,0.0000,0.0000,0.0000,30.0200,0,0.00,0.0000,0.0000,KGS,29.7400,0,0,0.0000,27 NOV 2018 00:00:00,INR
27NOV2018,0,NORMAL,21,OPTFUT,COPPER,26APR2019,,435.0000,PE,3.3400,0.0000,0.0000,0.0000,3.3400,0,0.00,0.0000,0.0000,KGS,3.0500,0,0,0.0000,27 NOV 2018 00:00:00,INR
27NOV2018,0,NORMAL,21,OPTFUT,COPPER,26APR2019,,440.0000,CE,26.2800,0.0000,0.0000,0.0000,26.2800,0,0.00,0.0000,0.0000,KGS,25.9500,0,0,0.0000,27 NOV 2018 00:00:00,INR
27NOV2018,0,NORMAL,21,OPTFUT,COPPER,26APR2019,,440.0000,PE,4.4500,0.0000,0.0000,0.0000,4.4500,0,0.00,0.0000,0.0000,KGS,4.1200,0,0,0.0000,27 NOV 2018 00:00:00,INR
27NOV2018,0,NORMAL,21,OPTFUT,COPPER,26APR2019,,445.0000,CE,22.7800,0.0000,0.0000,0.0000,22.7800,0,0.00,0.0000,0.0000,KGS,22.4200,0,0,0.0000,27 NOV 2018 00:00:00,INR
27NOV2018,0,NORMAL,21,OPTFUT,COPPER,26APR2019,,445.0000,PE,5.8000,0.0000,0.0000,0.0000,5.8000,0,0.00,0.0000,0.0000,KGS,5.4300,0,0,0.0000,27 NOV 2018 00:00:00,INR
27NOV2018,0,NORMAL,21,OPTFUT,COPPER,26APR2019,,450.0000,CE,19.5600,0.0000,0.0000,0.0000,19.5600,0,0.00,0.0000,0.0000,KGS,19.1600,0,0,0.0000,27 NOV 2018 00:00:00,INR
27NOV2018,0,NORMAL,21,OPTFUT,COPPER,26APR2019,,450.0000,PE,7.4300,0.0000,0.0000,0.0000,7.4300,0,0.00,0.0000,0.0000,KGS,7.0300,0,0,0.0000,27 NOV 2018 00:00:00,INR
27NOV2018,0,NORMAL,21,OPTFUT,COPPER,26APR2019,,455.0000,CE,16.6100,0.0000,0.0000,0.0000,16.6100,0,0.00,0.0000,0.0000,KGS,16.1900,0,0,0.0000,27 NOV 2018 00:00:00,INR
27NOV2018,0,NORMAL,21,OPTFUT,COPPER,26APR2019,,455.0000,PE,9.3300,0.0000,0.0000,0.0000,9.3300,0,0.00,0.0000,0.0000,KGS,8.9100,0,0,0.0000,27 NOV 2018 00:00:00,INR
27NOV2018,0,NORMAL,21,OPTFUT,COPPER,26APR2019,,460.0000,CE,13.9600,0.0000,0.0000,0.0000,13.9600,0,0.00,0.0000,0.0000,KGS,13.5300,0,0,0.0000,27 NOV 2018 00:00:00,INR
27NOV2018,0,NORMAL,21,OPTFUT,COPPER,26APR2019,,460.0000,PE,11.5300,0.0000,0.0000,0.0000,11.5300,0,0.00,0.0000,0.0000,KGS,11.1000,0,0,0.0000,27 NOV 2018 00:00:00,INR
27NOV2018,0,NORMAL,21,OPTFUT,COPPER,26APR2019,,465.0000,CE,11.6000,0.0000,0.0000,0.0000,11.6000,0,0.00,0.0000,0.0000,KGS,11.1700,0,0,0.0000,27 NOV 2018 00:00:00,INR
27NOV2018,0,NORMAL,21,OPTFUT,COPPER,26APR2019,,465.0000,PE,14.0300,0.0000,0.0000,0.0000,14.0300,0,0.00,0.0000,0.0000,KGS,13.5900,0,0,0.0000,27 NOV 2018 00:00:00,INR
27NOV2018,0,NORMAL,21,OPTFUT,COPPER,26APR2019,,470.0000,CE,9.5300,0.0000,0.0000,0.0000,9.5300,0,0.00,0.0000,0.0000,KGS,9.1100,0,0,0.0000,27 NOV 2018 00:00:00,INR
27NOV2018,0,NORMAL,21,OPTFUT,COPPER,26APR2019,,470.0000,PE,16.8100,0.0000,0.0000,0.0000,16.8100,0,0.00,0.0000,0.0000,KGS,16.3900,0,0,0.0000,27 NOV 2018 00:00:00,INR
27NOV2018,0,NORMAL,21,OPTFUT,COPPER,26APR2019,,475.0000,CE,7.7500,0.0000,0.0000,0.0000,7.7500,0,0.00,0.0000,0.0000,KGS,7.3300,0,0,0.0000,27 NOV 2018 00:00:00,INR
27NOV2018,0,NORMAL,21,OPTFUT,COPPER,26APR2019,,475.0000,PE,19.8800,0.0000,0.0000,0.0000,19.8800,0,0.00,0.0000,0.0000,KGS,19.4700,0,0,0.0000,27 NOV 2018 00:00:00,INR
27NOV2018,0,NORMAL,21,OPTFUT,COPPER,26APR2019,,480.0000,CE,6.2200,0.0000,0.0000,0.0000,6.2200,0,0.00,0.0000,0.0000,KGS,5.8300,0,0,0.0000,27 NOV 2018 00:00:00,INR
27NOV2018,0,NORMAL,21,OPTFUT,COPPER,26APR2019,,480.0000,PE,23.2000,0.0000,0.0000,0.0000,23.2000,0,0.00,0.0000,0.0000,KGS,22.8200,0,0,0.0000,27 NOV 2018 00:00:00,INR
27NOV2018,0,NORMAL,21,OPTFUT,COPPER,26APR2019,,485.0000,CE,4.9400,0.0000,0.0000,0.0000,4.9400,0,0.00,0.0000,0.0000,KGS,4.5800,0,0,0.0000,27 NOV 2018 00:00:00,INR
27NOV2018,0,NORMAL,21,OPTFUT,COPPER,26APR2019,,485.0000,PE,26.7700,0.0000,0.0000,0.0000,26.7700,0,0.00,0.0000,0.0000,KGS,26.4200,0,0,0.0000,27 NOV 2018 00:00:00,INR
27NOV2018,0,NORMAL,21,OPTFUT,COPPER,26APR2019,,490.0000,CE,3.8700,0.0000,0.0000,0.0000,3.8700,0,0.00,0.0000,0.0000,KGS,3.5500,0,0,0.0000,27 NOV 2018 00:00:00,INR
27NOV2018,0,NORMAL,21,OPTFUT,COPPER,26APR2019,,490.0000,PE,30.5600,0.0000,0.0000,0.0000,30.5600,0,0.00,0.0000,0.0000,KGS,30.2400,0,0,0.0000,27 NOV 2018 00:00:00,INR
27NOV2018,0,NORMAL,21,OPTFUT,COPPER,26APR2019,,495.0000,CE,3.0000,0.0000,0.0000,0.0000,3.0000,0,0.00,0.0000,0.0000,KGS,2.7200,0,0,0.0000,27 NOV 2018 00:00:00,INR
27NOV2018,0,NORMAL,21,OPTFUT,COPPER,26APR2019,,495.0000,PE,34.5400,0.0000,0.0000,0.0000,34.5400,0,0.00,0.0000,0.0000,KGS,34.2600,0,0,0.0000,27 NOV 2018 00:00:00,INR
27NOV2018,0,NORMAL,21,OPTFUT,COPPER,26APR2019,,500.0000,CE,2.3000,0.0000,0.0000,0.0000,2.3000,0,0.00,0.0000,0.0000,KGS,2.0600,0,0,0.0000,27 NOV 2018 00:00:00,INR
27NOV2018,0,NORMAL,21,OPTFUT,COPPER,26APR2019,,500.0000,PE,38.6900,0.0000,0.0000,0.0000,38.6900,0,0.00,0.0000,0.0000,KGS,38.4500,0,0,0.0000,27 NOV 2018 00:00:00,INR
27NOV2018,0,NORMAL,21,OPTFUT,COPPER,26APR2019,,505.0000,CE,1.7400,0.0000,0.0000,0.0000,1.7400,0,0.00,0.0000,0.0000,KGS,1.5300,0,0,0.0000,27 NOV 2018 00:00:00,INR
27NOV2018,0,NORMAL,21,OPTFUT,COPPER,26APR2019,,505.0000,PE,42.9800,0.0000,0.0000,0.0000,42.9800,0,0.00,0.0000,0.0000,KGS,42.7800,0,0,0.0000,27 NOV 2018 00:00:00,INR
27NOV2018,0,NORMAL,21,OPTFUT,CRUDEOIL,14DEC2018,,4750.0000,CE,498.7000,0.0000,0.0000,0.0000,498.7000,0,0.00,0.0000,0.0000,BBL,449.1000,0,0,0.0000,27 NOV 2018 00:00:00,INR
27NOV2018,0,NORMAL,21,OPTFUT,CRUDEOIL,14DEC2018,,4750.0000,PE,0.4000,0.0000,0.0000,0.0000,0.4000,0,0.00,0.0000,0.0000,BBL,0.7000,0,0,0.0000,27 NOV 2018 00:00:00,INR
27NOV2018,0,NORMAL,21,OPTFUT,CRUDEOIL,14DEC2018,,4800.0000,CE,449.3000,0.0000,0.0000,0.0000,449.3000,0,0.00,0.0000,0.0000,BBL,400.1000,0,0,0.0000,27 NOV 2018 00:00:00,INR
27NOV2018,0,NORMAL,21,OPTFUT,CRUDEOIL,14DEC2018,,4800.0000,PE,1.0000,0.0000,0.0000,0.0000,1.0000,0,0.00,0.0000,0.0000,BBL,1.4000,0,0,0.0000,27 NOV 2018 00:00:00,INR
27NOV2018,0,NORMAL,21,OPTFUT,CRUDEOIL,14DEC2018,,4850.0000,CE,400.5000,0.0000,0.0000,0.0000,400.5000,0,0.00,0.0000,0.0000,BBL,351.7000,0,0,0.0000,27 NOV 2018 00:00:00,INR
27NOV2018,0,NORMAL,21,OPTFUT,CRUDEOIL,14DEC2018,,4850.0000,PE,1.9000,0.0000,0.0000,0.0000,1.9000,0,0.00,0.0000,0.0000,BBL,2.8000,0,0,0.0000,27 NOV 2018 00:00:00,INR
27NOV2018,0,NORMAL,21,OPTFUT,CRUDEOIL,14DEC2018,,4900.0000,CE,352.5000,0.0000,0.0000,0.0000,352.5000,0,0.00,0.0000,0.0000,BBL,304.4000,0,0,0.0000,27 NOV 2018 00:00:00,INR
27NOV2018,0,NORMAL,21,OPTFUT,CRUDEOIL,14DEC2018,,4900.0000,PE,3.7000,0.0000,0.0000,0.0000,3.7000,0,0.00,0.0000,0.0000,BBL,5.4000,0,0,0.0000,27 NOV 2018 00:00:00,INR
27NOV2018,0,NORMAL,21,OPTFUT,CRUDEOIL,14DEC2018,,4950.0000,CE,305.6000,0.0000,0.0000,0.0000,305.6000,0,0.00,0.0000,0.0000,BBL,258.8000,0,0,0.0000,27 NOV 2018 00:00:00,INR
27NOV2018,0,NORMAL,21,OPTFUT,CRUDEOIL,14DEC2018,,4950.0000,PE,6.7000,0.0000,0.0000,0.0000,6.7000,0,0.00,0.0000,0.0000,BBL,9.6000,0,0,0.0000,27 NOV 2018 00:00:00,INR
27NOV2018,0,NORMAL,21,OPTFUT,CRUDEOIL,14DEC2018,,5000.0000,CE,260.6000,0.0000,0.0000,0.0000,260.6000,0,0.00,0.0000,0.0000,BBL,215.5000,0,0,0.0000,27 NOV 2018 00:00:00,INR
27NOV2018,0,NORMAL,21,OPTFUT,CRUDEOIL,14DEC2018,,5000.0000,PE,11.5000,0.0000,0.0000,0.0000,11.5000,0,0.00,0.0000,0.0000,BBL,16.2000,0,0,0.0000,27 NOV 2018 00:00:00,INR
27NOV2018,0,NORMAL,21,OPTFUT,CRUDEOIL,14DEC2018,,5050.0000,CE,218.0000,0.0000,0.0000,0.0000,218.0000,0,0.00,0.0000,0.0000,BBL,175.5000,0,0,0.0000,27 NOV 2018 00:00:00,INR
27NOV2018,0,NORMAL,21,OPTFUT,CRUDEOIL,14DEC2018,,5050.0000,PE,18.7000,0.0000,0.0000,0.0000,18.7000,0,0.00,0.0000,0.0000,BBL,26.0000,0,0,0.0000,27 NOV 2018 00:00:00,INR
27NOV2018,0,NORMAL,21,OPTFUT,CRUDEOIL,14DEC2018,,5100.0000,CE,178.5000,0.0000,0.0000,0.0000,178.5000,0,0.00,0.0000,0.0000,BBL,139.2000,0,0,0.0000,27 NOV 2018 00:00:00,INR
27NOV2018,0,NORMAL,21,OPTFUT,CRUDEOIL,14DEC2018,,5100.0000,PE,29.0000,0.0000,0.0000,0.0000,29.0000,0,0.00,0.0000,0.0000,BBL,39.6000,0,0,0.0000,27 NOV 2018 00:00:00,INR
27NOV2018,0,NORMAL,21,OPTFUT,CRUDEOIL,14DEC2018,,5150.0000,CE,142.8000,0.0000,0.0000,0.0000,142.8000,0,0.00,0.0000,0.0000,BBL,107.4000,0,0,0.0000,27 NOV 2018 00:00:00,INR
27NOV2018,0,NORMAL,21,OPTFUT,CRUDEOIL,14DEC2018,,5150.0000,PE,43.1000,0.0000,0.0000,0.0000,43.1000,0,0.00,0.0000,0.0000,BBL,57.6000,0,0,0.0000,27 NOV 2018 00:00:00,INR
27NOV2018,0,NORMAL,21,OPTFUT,CRUDEOIL,14DEC2018,,5200.0000,CE,111.4000,0.0000,0.0000,0.0000,111.4000,0,0.00,0.0000,0.0000,BBL,80.4000,0,0,0.0000,27 NOV 2018 00:00:00,INR
27NOV2018,0,NORMAL,21,OPTFUT,CRUDEOIL,14DEC2018,,5200.0000,PE,61.5000,0.0000,0.0000,0.0000,61.5000,0,0.00,0.0000,0.0000,BBL,80.4000,0,0,0.0000,27 NOV 2018 00:00:00,INR
27NOV2018,0,NORMAL,21,OPTFUT,CRUDEOIL,14DEC2018,,5250.0000,CE,84.5000,0.0000,0.0000,0.0000,84.5000,0,0.00,0.0000,0.0000,BBL,58.3000,0,0,0.0000,27 NOV 2018 00:00:00,INR
27NOV2018,0,NORMAL,21,OPTFUT,CRUDEOIL,14DEC2018,,5250.0000,PE,84.5000,0.0000,0.0000,0.0000,84.5000,0,0.00,0.0000,0.0000,BBL,108.2000,0,0,0.0000,27 NOV 2018 00:00:00,INR
27NOV2018,0,NORMAL,21,OPTFUT,CRUDEOIL,14DEC2018,,5300.0000,CE,62.3000,0.0000,0.0000,0.0000,62.3000,0,0.00,0.0000,0.0000,BBL,40.9000,0,0,0.0000,27 NOV 2018 00:00:00,INR
27NOV2018,0,NORMAL,21,OPTFUT,CRUDEOIL,14DEC2018,,5300.0000,PE,112.1000,0.0000,0.0000,0.0000,112.1000,0,0.00,0.0000,0.0000,BBL,140.6000,0,0,0.0000,27 NOV 2018 00:00:00,INR
27NOV2018,0,NORMAL,21,OPTFUT,CRUDEOIL,14DEC2018,,5350.0000,CE,44.6000,0.0000,0.0000,0.0000,44.6000,0,0.00,0.0000,0.0000,BBL,27.7000,0,0,0.0000,27 NOV 2018 00:00:00,INR
27NOV2018,0,NORMAL,21,OPTFUT,CRUDEOIL,14DEC2018,,5350.0000,PE,144.2000,0.0000,0.0000,0.0000,144.2000,0,0.00,0.0000,0.0000,BBL,177.2000,0,0,0.0000,27 NOV 2018 00:00:00,INR
27NOV2018,0,NORMAL,21,OPTFUT,CRUDEOIL,14DEC2018,,5400.0000,CE,30.9000,0.0000,0.0000,0.0000,30.9000,0,0.00,0.0000,0.0000,BBL,18.1000,0,0,0.0000,27 NOV 2018 00:00:00,INR
27NOV2018,0,NORMAL,21,OPTFUT,CRUDEOIL,14DEC2018,,5400.0000,PE,180.4000,0.0000,0.0000,0.0000,180.4000,0,0.00,0.0000,0.0000,BBL,217.4000,0,0,0.0000,27 NOV 2018 00:00:00,INR
27NOV2018,0,NORMAL,21,OPTFUT,CRUDEOIL,14DEC2018,,5450.0000,CE,20.8000,0.0000,0.0000,0.0000,20.8000,0,0.00,0.0000,0.0000,BBL,11.4000,0,0,0.0000,27 NOV 2018 00:00:00,INR
27NOV2018,0,NORMAL,21,OPTFUT,CRUDEOIL,14DEC2018,,5450.0000,PE,220.1000,0.0000,0.0000,0.0000,220.1000,0,0.00,0.0000,0.0000,BBL,260.6000,0,0,0.0000,27 NOV 2018 00:00:00,INR
27NOV2018,0,NORMAL,21,OPTFUT,CRUDEOIL,14DEC2018,,5500.0000,CE,13.5000,0.0000,0.0000,0.0000,13.5000,0,0.00,0.0000,0.0000,BBL,6.9000,0,0,0.0000,27 NOV 2018 00:00:00,INR
27NOV2018,0,NORMAL,21,OPTFUT,CRUDEOIL,14DEC2018,,5500.0000,PE,262.6000,0.0000,0.0000,0.0000,262.6000,0,0.00,0.0000,0.0000,BBL,305.9000,0,0,0.0000,27 NOV 2018 00:00:00,INR
27NOV2018,0,NORMAL,21,OPTFUT,CRUDEOIL,14DEC2018,,5550.0000,CE,8.5000,0.0000,0.0000,0.0000,8.5000,0,0.00,0.0000,0.0000,BBL,4.1000,0,0,0.0000,27 NOV 2018 00:00:00,INR
27NOV2018,0,NORMAL,21,OPTFUT,CRUDEOIL,14DEC2018,,5550.0000,PE,307.4000,0.0000,0.0000,0.0000,307.4000,0,0.00,0.0000,0.0000,BBL,352.9000,0,0,0.0000,27 NOV 2018 00:00:00,INR
27NOV2018,0,NORMAL,21,OPTFUT,CRUDEOIL,14DEC2018,,5600.0000,CE,5.2000,0.0000,0.0000,0.0000,5.2000,0,0.00,0.0000,0.0000,BBL,2.3000,0,0,0.0000,27 NOV 2018 00:00:00,INR
27NOV2018,0,NORMAL,21,OPTFUT,CRUDEOIL,14DEC2018,,5600.0000,PE,353.9000,0.0000,0.0000,0.0000,353.9000,0,0.00,0.0000,0.0000,BBL,400.9000,0,0,0.0000,27 NOV 2018 00:00:00,INR
27NOV2018,0,NORMAL,21,OPTFUT,CRUDEOIL,14DEC2018,,5650.0000,CE,3.0000,0.0000,0.0000,0.0000,3.0000,0,0.00,0.0000,0.0000,BBL,1.2000,0,0,0.0000,27 NOV 2018 00:00:00,INR
27NOV2018,0,NORMAL,21,OPTFUT,CRUDEOIL,14DEC2018,,5650.0000,PE,401.6000,0.0000,0.0000,0.0000,401.6000,0,0.00,0.0000,0.0000,BBL,449.7000,0,0,0.0000,27 NOV 2018 00:00:00,INR
27NOV2018,0,NORMAL,21,OPTFUT,CRUDEOIL,14DEC2018,,5700.0000,CE,1.7000,0.0000,0.0000,0.0000,1.7000,0,0.00,0.0000,0.0000,BBL,0.7000,0,0,0.0000,27 NOV 2018 00:00:00,INR
27NOV2018,0,NORMAL,21,OPTFUT,CRUDEOIL,14DEC2018,,5700.0000,PE,450.1000,0.0000,0.0000,0.0000,450.1000,0,0.00,0.0000,0.0000,BBL,499.0000,0,0,0.0000,27 NOV 2018 00:00:00,INR
27NOV2018,0,NORMAL,21,OPTFUT,GOLD,28NOV2018,,27000.0000,CE,3613.5000,0.0000,0.0000,0.0000,3613.5000,0,0.00,0.0000,0.0000,GRMS,3778.5000,0,0,0.0000,27 NOV 2018 00:00:00,INR
27NOV2018,0,NORMAL,21,OPTFUT,GOLD,28NOV2018,,27000.0000,PE,0.5000,0.0000,0.0000,0.0000,0.5000,0,0.00,0.0000,0.0000,GRMS,0.5000,0,0,0.0000,27 NOV 2018 00:00:00,INR
27NOV2018,0,NORMAL,21,OPTFUT,GOLD,28NOV2018,,27100.0000,CE,3513.5000,0.0000,0.0000,0.0000,3513.5000,0,0.00,0.0000,0.0000,GRMS,3678.5000,0,0,0.0000,27 NOV 2018 00:00:00,INR
27NOV2018,0,NORMAL,21,OPTFUT,GOLD,28NOV2018,,27100.0000,PE,0.5000,0.0000,0.0000,0.0000,0.5000,0,0.00,0.0000,0.0000,GRMS,0.5000,0,0,0.0000,27 NOV 2018 00:00:00,INR
27NOV2018,0,NORMAL,21,OPTFUT,GOLD,28NOV2018,,27200.0000,CE,3413.5000,0.0000,0.0000,0.0000,3413.5000,0,0.00,0.0000,0.0000,GRMS,3578.5000,0,0,0.0000,27 NOV 2018 00:00:00,INR
27NOV2018,0,NORMAL,21,OPTFUT,GOLD,28NOV2018,,27200.0000,PE,0.5000,0.0000,0.0000,0.0000,0.5000,0,0.00,0.0000,0.0000,GRMS,0.5000,0,0,0.0000,27 NOV 2018 00:00:00,INR
27NOV2018,0,NORMAL,21,OPTFUT,GOLD,28NOV2018,,27300.0000,CE,3313.5000,0.0000,0.0000,0.0000,3313.5000,0,0.00,0.0000,0.0000,GRMS,3478.5000,0,0,0.0000,27 NOV 2018 00:00:00,INR
27NOV2018,0,NORMAL,21,OPTFUT,GOLD,28NOV2018,,27300.0000,PE,0.5000,0.0000,0.0000,0.0000,0.5000,0,0.00,0.0000,0.0000,GRMS,0.5000,0,0,0.0000,27 NOV 2018 00:00:00,INR
27NOV2018,0,NORMAL,21,OPTFUT,GOLD,28NOV2018,,27400.0000,CE,3213.5000,0.0000,0.0000,0.0000,3213.5000,0,0.00,0.0000,0.0000,GRMS,3378.5000,0,0,0.0000,27 NOV 2018 00:00:00,INR
27NOV2018,0,NORMAL,21,OPTFUT,GOLD,28NOV2018,,27400.0000,PE,0.5000,0.0000,0.0000,0.0000,0.5000,0,0.00,0.0000,0.0000,GRMS,0.5000,0,0,0.0000,27 NOV 2018 00:00:00,INR
27NOV2018,0,NORMAL,21,OPTFUT,GOLD,28NOV2018,,27500.0000,CE,3114.0000,0.0000,0.0000,0.0000,3114.0000,0,0.00,0.0000,0.0000,GRMS,3278.5000,0,0,0.0000,27 NOV 2018 00:00:00,INR
27NOV2018,0,NORMAL,21,OPTFUT,GOLD,28NOV2018,,27500.0000,PE,0.5000,0.0000,0.0000,0.0000,0.5000,0,0.00,0.0000,0.0000,GRMS,0.5000,0,0,0.0000,27 NOV 2018 00:00:00,INR
27NOV2018,0,NORMAL,21,OPTFUT,GOLD,28NOV2018,,27600.0000,CE,3014.0000,0.0000,0.0000,0.0000,3014.0000,0,0.00,0.0000,0.0000,GRMS,3178.5000,0,0,0.0000,27 NOV 2018 00:00:00,INR
27NOV2018,0,NORMAL,21,OPTFUT,GOLD,28NOV2018,,27600.0000,PE,0.5000,0.0000,0.0000,0.0000,0.5000,0,0.00,0.0000,0.0000,GRMS,0.5000,0,0,0.0000,27 NOV 2018 00:00:00,INR
27NOV2018,0,NORMAL,21,OPTFUT,GOLD,28NOV2018,,27700.0000,CE,2914.0000,0.0000,0.0000,0.0000,2914.0000,0,0.00,0.0000,0.0000,GRMS,3078.5000,0,0,0.0000,27 NOV 2018 00:00:00,INR
27NOV2018,0,NORMAL,21,OPTFUT,GOLD,28NOV2018,,27700.0000,PE,0.5000,0.0000,0.0000,0.0000,0.5000,0,0.00,0.0000,0.0000,GRMS,0.5000,0,0,0.0000,27 NOV 2018 00:00:00,INR
27NOV2018,0,NORMAL,21,OPTFUT,GOLD,28NOV2018,,27800.0000,CE,2814.0000,0.0000,0.0000,0.0000,2814.0000,0,0.00,0.0000,0.0000,GRMS,2978.5000,0,0,0.0000,27 NOV 2018 00:00:00,INR
27NOV2018,0,NORMAL,21,OPTFUT,GOLD,28NOV2018,,27800.0000,PE,0.5000,0.0000,0.0000,0.0000,0.5000,0,0.00,0.0000,0.0000,GRMS,0.5000,0,0,0.0000,27 NOV 2018 00:00:00,INR
27NOV2018,0,NORMAL,21,OPTFUT,GOLD,28NOV2018,,27900.0000,CE,2714.0000,0.0000,0.0000,0.0000,2714.0000,0,0.00,0.0000,0.0000,GRMS,2878.5000,0,0,0.0000,27 NOV 2018 00:00:00,INR
27NOV2018,0,NORMAL,21,OPTFUT,GOLD,28NOV2018,,27900.0000,PE,0.5000,0.0000,0.0000,0.0000,0.5000,0,0.00,0.0000,0.0000,GRMS,0.5000,0,0,0.0000,27 NOV 2018 00:00:00,INR
27NOV2018,0,NORMAL,21,OPTFUT,GOLD,28NOV2018,,28000.0000,CE,2614.0000,0.0000,0.0000,0.0000,2614.0000,0,0.00,0.0000,0.0000,GRMS,2778.5000,0,0,0.0000,27 NOV 2018 00:00:00,INR
27NOV2018,0,NORMAL,21,OPTFUT,GOLD,28NOV2018,,28000.0000,PE,0.5000,0.0000,0.0000,0.0000,0.5000,0,0.00,0.0000,0.0000,GRMS,0.5000,0,0,0.0000,27 NOV 2018 00:00:00,INR
27NOV2018,0,NORMAL,21,OPTFUT,GOLD,28NOV2018,,28100.0000,CE,2514.0000,0.0000,0.0000,0.0000,2514.0000,0,0.00,0.0000,0.0000,GRMS,2678.5000,0,0,0.0000,27 NOV 2018 00:00:00,INR
27NOV2018,0,NORMAL,21,OPTFUT,GOLD,28NOV2018,,28100.0000,PE,0.5000,0.0000,0.0000,0.0000,0.5000,0,0.00,0.0000,0.0000,GRMS,0.5000,0,0,0.0000,27 NOV 2018 00:00:00,INR
27NOV2018,0,NORMAL,21,OPTFUT,GOLD,28NOV2018,,28200.0000,CE,1916.5000,0.0000,0.0000,0.0000,1916.5000,0,0.00,3006.0000,1190.0000,GRMS,2578.5000,0,25,0.0000,27 NOV 2018 00:00:00,INR
27NOV2018,0,NORMAL,21,OPTFUT,GOLD,28NOV2018,,28200.0000,PE,0.5000,0.0000,0.0000,0.0000,0.5000,0,0.00,0.0000,0.0000,GRMS,0.5000,0,0,0.0000,27 NOV 2018 00:00:00,INR
27NOV2018,0,NORMAL,21,OPTFUT,GOLD,28NOV2018,,28300.0000,CE,2314.0000,0.0000,0.0000,0.0000,2314.0000,0,0.00,0.0000,0.0000,GRMS,2478.5000,0,0,0.0000,27 NOV 2018 00:00:00,INR
27NOV2018,0,NORMAL,21,OPTFUT,GOLD,28NOV2018,,28300.0000,PE,0.5000,0.0000,0.0000,0.0000,0.5000,0,0.00,0.0000,0.0000,GRMS,0.5000,0,0,0.0000,27 NOV 2018 00:00:00,INR
27NOV2018,0,NORMAL,21,OPTFUT,GOLD,28NOV2018,,28400.0000,CE,2214.0000,0.0000,0.0000,0.0000,2214.0000,0,0.00,0.0000,0.0000,GRMS,2378.5000,0,0,0.0000,27 NOV 2018 00:00:00,INR
27NOV2018,0,NORMAL,21,OPTFUT,GOLD,28NOV2018,,28400.0000,PE,0.5000,0.0000,0.0000,0.0000,0.5000,0,0.00,0.0000,0.0000,GRMS,0.5000,0,0,0.0000,27 NOV 2018 00:00:00,INR
27NOV2018,0,NORMAL,21,OPTFUT,GOLD,28NOV2018,,28500.0000,CE,2114.0000,0.0000,0.0000,0.0000,2114.0000,0,0.00,0.0000,0.0000,GRMS,2278.5000,0,0,0.0000,27 NOV 2018 00:00:00,INR
27NOV2018,0,NORMAL,21,OPTFUT,GOLD,28NOV2018,,28500.0000,PE,0.5000,0.0000,0.0000,0.0000,0.5000,0,0.00,0.0000,0.0000,GRMS,0.5000,0,0,0.0000,27 NOV 2018 00:00:00,INR
27NOV2018,0,NORMAL,21,OPTFUT,GOLD,28NOV2018,,28600.0000,CE,2014.0000,0.0000,0.0000,0.0000,2014.0000,0,0.00,0.0000,0.0000,GRMS,2178.5000,0,0,0.0000,27 NOV 2018 00:00:00,INR
27NOV2018,0,NORMAL,21,OPTFUT,GOLD,28NOV2018,,28600.0000,PE,0.5000,0.0000,0.0000,0.0000,0.5000,0,0.00,0.0000,0.0000,GRMS,0.5000,0,0,0.0000,27 NOV 2018 00:00:00,INR
27NOV2018,0,NORMAL,21,OPTFUT,GOLD,28NOV2018,,28700.0000,CE,1914.0000,0.0000,0.0000,0.0000,1914.0000,0,0.00,0.0000,0.0000,GRMS,2078.5000,0,0,0.0000,27 NOV 2018 00:00:00,INR
27NOV2018,0,NORMAL,21,OPTFUT,GOLD,28NOV2018,,28700.0000,PE,0.5000,0.0000,0.0000,0.0000,0.5000,0,0.00,0.0000,0.0000,GRMS,0.5000,0,0,0.0000,27 NOV 2018 00:00:00,INR
27NOV2018,0,NORMAL,21,OPTFUT,GOLD,28NOV2018,,28800.0000,CE,1814.5000,0.0000,0.0000,0.0000,1814.5000,0,0.00,0.0000,0.0000,GRMS,1978.5000,0,0,0.0000,27 NOV 2018 00:00:00,INR
27NOV2018,0,NORMAL,21,OPTFUT,GOLD,28NOV2018,,28800.0000,PE,0.5000,0.0000,0.0000,0.0000,0.5000,0,0.00,0.0000,0.0000,GRMS,0.5000,0,0,0.0000,27 NOV 2018 00:00:00,INR
27NOV2018,0,NORMAL,21,OPTFUT,GOLD,28NOV2018,,28900.0000,CE,1714.5000,0.0000,0.0000,0.0000,1714.5000,0,0.00,0.0000,0.0000,GRMS,1878.5000,0,0,0.0000,27 NOV 2018 00:00:00,INR
27NOV2018,0,NORMAL,21,OPTFUT,GOLD,28NOV2018,,28900.0000,PE,0.5000,0.0000,0.0000,0.0000,0.5000,0,0.00,0.0000,0.0000,GRMS,0.5000,0,0,0.0000,27 NOV 2018 00:00:00,INR
27NOV2018,0,NORMAL,21,OPTFUT,GOLD,28NOV2018,,29000.0000,CE,1614.5000,0.0000,0.0000,0.0000,1614.5000,0,0.00,0.0000,0.0000,GRMS,1778.5000,0,0,0.0000,27 NOV 2018 00:00:00,INR
27NOV2018,0,NORMAL,21,OPTFUT,GOLD,28NOV2018,,29000.0000,PE,0.5000,0.0000,0.0000,0.0000,0.5000,0,0.00,0.0000,0.0000,GRMS,0.5000,0,0,0.0000,27 NOV 2018 00:00:00,INR
27NOV2018,0,NORMAL,21,OPTFUT,GOLD,28NOV2018,,29100.0000,CE,1514.5000,0.0000,0.0000,0.0000,1514.5000,0,0.00,0.0000,0.0000,GRMS,1678.5000,0,0,0.0000,27 NOV 2018 00:00:00,INR
27NOV2018,0,NORMAL,21,OPTFUT,GOLD,28NOV2018,,29100.0000,PE,0.5000,0.0000,0.0000,0.0000,0.5000,0,0.00,0.0000,0.0000,GRMS,0.5000,0,0,0.0000,27 NOV 2018 00:00:00,INR
27NOV2018,0,NORMAL,21,OPTFUT,GOLD,28NOV2018,,29200.0000,CE,1414.5000,0.0000,0.0000,0.0000,1414.5000,0,0.00,0.0000,0.0000,GRMS,1578.5000,0,0,0.0000,27 NOV 2018 00:00:00,INR
27NOV2018,0,NORMAL,21,OPTFUT,GOLD,28NOV2018,,29200.0000,PE,0.5000,0.0000,0.0000,0.0000,0.5000,0,0.00,0.0000,0.0000,GRMS,0.5000,0,0,0.0000,27 NOV 2018 00:00:00,INR
27NOV2018,0,NORMAL,21,OPTFUT,GOLD,28NOV2018,,29300.0000,CE,1314.5000,0.0000,0.0000,0.0000,1314.5000,0,0.00,0.0000,0.0000,GRMS,1478.5000,0,0,0.0000,27 NOV 2018 00:00:00,INR
27NOV2018,0,NORMAL,21,OPTFUT,GOLD,28NOV2018,,29300.0000,PE,0.5000,0.0000,0.0000,0.0000,0.5000,0,0.00,0.0000,0.0000,GRMS,0.5000,0,0,0.0000,27 NOV 2018 00:00:00,INR
27NOV2018,0,NORMAL,21,OPTFUT,GOLD,28NOV2018,,29400.0000,CE,1214.5000,0.0000,0.0000,0.0000,1214.5000,0,0.00,0.0000,0.0000,GRMS,1378.5000,0,0,0.0000,27 NOV 2018 00:00:00,INR
27NOV2018,0,NORMAL,21,OPTFUT,GOLD,28NOV2018,,29400.0000,PE,0.5000,0.0000,0.0000,0.0000,0.5000,0,0.00,0.0000,0.0000,GRMS,0.5000,0,0,0.0000,27 NOV 2018 00:00:00,INR
27NOV2018,0,NORMAL,21,OPTFUT,GOLD,28NOV2018,,29500.0000,CE,1114.5000,0.0000,0.0000,0.0000,1114.5000,0,0.00,0.0000,0.0000,GRMS,1279.0000,0,0,0.0000,27 NOV 2018 00:00:00,INR
27NOV2018,0,NORMAL,21,OPTFUT,GOLD,28NOV2018,,29500.0000,PE,0.5000,0.0000,0.0000,0.0000,0.5000,0,0.00,0.0000,0.0000,GRMS,0.5000,0,0,0.0000,27 NOV 2018 00:00:00,INR
27NOV2018,0,NORMAL,21,OPTFUT,GOLD,28NOV2018,,29600.0000,CE,1014.5000,0.0000,0.0000,0.0000,1014.5000,0,0.00,0.0000,0.0000,GRMS,1179.0000,0,0,0.0000,27 NOV 2018 00:00:00,INR
27NOV2018,0,NORMAL,21,OPTFUT,GOLD,28NOV2018,,29600.0000,PE,0.5000,0.0000,0.0000,0.0000,0.5000,0,0.00,0.0000,0.0000,GRMS,0.5000,0,0,0.0000,27 NOV 2018 00:00:00,INR
27NOV2018,0,NORMAL,21,OPTFUT,GOLD,28NOV2018,,29700.0000,CE,914.5000,0.0000,0.0000,0.0000,914.5000,0,0.00,0.0000,0.0000,GRMS,1079.0000,0,0,0.0000,27 NOV 2018 00:00:00,INR
27NOV2018,0,NORMAL,21,OPTFUT,GOLD,28NOV2018,,29700.0000,PE,0.5000,0.0000,0.0000,0.0000,0.5000,0,0.00,0.0000,0.0000,GRMS,0.5000,0,0,0.0000,27 NOV 2018 00:00:00,INR
27NOV2018,0,NORMAL,21,OPTFUT,GOLD,28NOV2018,,29800.0000,CE,814.5000,0.0000,0.0000,0.0000,814.5000,0,0.00,850.0000,850.0000,GRMS,979.0000,0,1,0.0000,27 NOV 2018 00:00:00,INR
27NOV2018,0,NORMAL,21,OPTFUT,GOLD,28NOV2018,,29800.0000,PE,0.5000,0.0000,0.0000,0.0000,0.5000,0,0.00,0.0000,0.0000,GRMS,0.5000,0,0,0.0000,27 NOV 2018 00:00:00,INR
27NOV2018,0,NORMAL,21,OPTFUT,GOLD,28NOV2018,,29900.0000,CE,714.5000,0.0000,0.0000,0.0000,714.5000,0,0.00,1631.0000,8.5000,GRMS,879.0000,0,35,0.0000,27 NOV 2018 00:00:00,INR
27NOV2018,0,NORMAL,21,OPTFUT,GOLD,28NOV2018,,29900.0000,PE,0.5000,0.0000,0.0000,0.0000,0.5000,0,0.00,0.0000,0.0000,GRMS,0.5000,0,0,0.0000,27 NOV 2018 00:00:00,INR
27NOV2018,0,NORMAL,21,OPTFUT,GOLD,28NOV2018,,30000.0000,CE,615.0000,0.0000,0.0000,0.0000,615.0000,0,0.00,1225.0000,4.0000,GRMS,779.0000,0,12,0.0000,27 NOV 2018 00:00:00,INR
27NOV2018,0,NORMAL,21,OPTFUT,GOLD,28NOV2018,,30000.0000,PE,0.5000,0.0000,0.0000,0.0000,0.5000,0,0.00,120.0000,90.0000,GRMS,0.5000,0,4,0.0000,27 NOV 2018 00:00:00,INR
27NOV2018,0,NORMAL,21,OPTFUT,GOLD,28NOV2018,,30100.0000,CE,515.5000,0.0000,0.0000,0.0000,515.5000,0,0.00,0.0000,0.0000,GRMS,679.0000,0,0,0.0000,27 NOV 2018 00:00:00,INR
27NOV2018,0,NORMAL,21,OPTFUT,GOLD,28NOV2018,,30100.0000,PE,0.5000,0.0000,0.0000,0.0000,0.5000,0,0.00,0.0000,0.0000,GRMS,0.5000,0,0,0.0000,27 NOV 2018 00:00:00,INR
27NOV2018,0,NORMAL,21,OPTFUT,GOLD,28NOV2018,,30200.0000,CE,417.0000,0.0000,0.0000,0.0000,417.0000,0,0.00,516.0000,516.0000,GRMS,579.0000,0,1,0.0000,27 NOV 2018 00:00:00,INR
27NOV2018,0,NORMAL,21,OPTFUT,GOLD,28NOV2018,,30200.0000,PE,2.5000,0.0000,0.0000,0.0000,2.5000,0,0.00,224.5000,130.0000,GRMS,0.5000,0,11,0.0000,27 NOV 2018 00:00:00,INR
27NOV2018,0,NORMAL,21,OPTFUT,GOLD,28NOV2018,,30300.0000,CE,322.0000,0.0000,0.0000,0.0000,322.0000,0,0.00,475.0000,475.0000,GRMS,479.0000,0,1,0.0000,27 NOV 2018 00:00:00,INR
27NOV2018,0,NORMAL,21,OPTFUT,GOLD,28NOV2018,,30300.0000,PE,7.0000,0.0000,0.0000,0.0000,7.0000,0,0.00,271.0000,170.0000,GRMS,0.5000,0,28,0.0000,27 NOV 2018 00:00:00,INR
27NOV2018,0,NORMAL,21,OPTFUT,GOLD,28NOV2018,,30400.0000,CE,233.5000,0.0000,0.0000,0.0000,233.5000,0,0.00,0.0000,0.0000,GRMS,379.5000,0,0,0.0000,27 NOV 2018 00:00:00,INR
27NOV2018,0,NORMAL,21,OPTFUT,GOLD,28NOV2018,,30400.0000,PE,18.5000,0.0000,0.0000,0.0000,18.5000,0,0.00,309.0000,204.0000,GRMS,0.5000,0,13,0.0000,27 NOV 2018 00:00:00,INR
27NOV2018,0,NORMAL,21,OPTFUT,GOLD,28NOV2018,,30500.0000,CE,156.0000,0.0000,0.0000,0.0000,156.0000,0,0.00,600.0000,380.5000,GRMS,281.0000,0,15,0.0000,27 NOV 2018 00:00:00,INR
27NOV2018,0,NORMAL,21,OPTFUT,GOLD,28NOV2018,,30500.0000,PE,41.0000,0.0000,0.0000,0.0000,41.0000,0,0.00,356.5000,145.5000,GRMS,2.0000,0,55,0.0000,27 NOV 2018 00:00:00,INR
27NOV2018,0,NORMAL,21,OPTFUT,GOLD,28NOV2018,,30600.0000,CE,94.5000,0.0000,0.0000,0.0000,94.5000,0,0.00,545.0000,330.5000,GRMS,188.5000,0,14,0.0000,27 NOV 2018 00:00:00,INR
27NOV2018,0,NORMAL,21,OPTFUT,GOLD,28NOV2018,,30600.0000,PE,79.5000,0.0000,0.0000,0.0000,79.5000,0,0.00,403.0000,173.0000,GRMS,9.5000,0,71,0.0000,27 NOV 2018 00:00:00,INR
27NOV2018,0,NORMAL,21,OPTFUT,GOLD,28NOV2018,,30700.0000,CE,51.0000,0.0000,0.0000,0.0000,51.0000,0,0.00,672.5000,286.5000,GRMS,109.0000,0,20,0.0000,27 NOV 2018 00:00:00,INR
27NOV2018,0,NORMAL,21,OPTFUT,GOLD,28NOV2018,,30700.0000,PE,136.0000,0.0000,0.0000,0.0000,136.0000,0,0.00,471.0000,195.0000,GRMS,30.0000,0,23,0.0000,27 NOV 2018 00:00:00,INR
27NOV2018,0,NORMAL,21,OPTFUT,GOLD,28NOV2018,,30800.0000,CE,24.0000,0.0000,0.0000,0.0000,24.0000,0,0.00,608.5000,200.0000,GRMS,52.0000,0,35,0.0000,27 NOV 2018 00:00:00,INR
27NOV2018,0,NORMAL,21,OPTFUT,GOLD,28NOV2018,,30800.0000,PE,209.0000,0.0000,0.0000,0.0000,209.0000,0,0.00,499.0000,235.5000,GRMS,73.0000,0,39,0.0000,27 NOV 2018 00:00:00,INR
27NOV2018,0,NORMAL,21,OPTFUT,GOLD,28NOV2018,,30900.0000,CE,10.0000,0.0000,0.0000,0.0000,10.0000,0,0.00,549.0000,220.0000,GRMS,19.5000,0,25,0.0000,27 NOV 2018 00:00:00,INR
27NOV2018,0,NORMAL,21,OPTFUT,GOLD,28NOV2018,,30900.0000,PE,295.0000,0.0000,0.0000,0.0000,295.0000,0,0.00,585.0000,271.0000,GRMS,140.5000,0,12,0.0000,27 NOV 2018 00:00:00,INR
27NOV2018,0,NORMAL,21,OPTFUT,GOLD,28NOV2018,,31000.0000,CE,3.5000,0.0000,0.0000,0.0000,3.5000,0,0.00,1350.0000,179.0000,GRMS,5.5000,0,83,0.0000,27 NOV 2018 00:00:00,INR
27NOV2018,0,NORMAL,21,OPTFUT,GOLD,28NOV2018,,31000.0000,PE,388.5000,0.0000,0.0000,0.0000,388.5000,0,0.00,655.0000,331.0000,GRMS,226.5000,0,17,0.0000,27 NOV 2018 00:00:00,INR
27NOV2018,0,NORMAL,21,OPTFUT,GOLD,28NOV2018,,31100.0000,CE,1.0000,0.0000,0.0000,0.0000,1.0000,0,0.00,440.5000,160.0000,GRMS,1.0000,0,20,0.0000,27 NOV 2018 00:00:00,INR
27NOV2018,0,NORMAL,21,OPTFUT,GOLD,28NOV2018,,31100.0000,PE,486.0000,0.0000,0.0000,0.0000,486.0000,0,0.00,663.0000,380.0000,GRMS,322.0000,0,4,0.0000,27 NOV 2018 00:00:00,INR
27NOV2018,0,NORMAL,21,OPTFUT,GOLD,28NOV2018,,31200.0000,CE,0.5000,0.0000,0.0000,0.0000,0.5000,0,0.00,352.0000,136.0000,GRMS,0.5000,0,35,0.0000,27 NOV 2018 00:00:00,INR
27NOV2018,0,NORMAL,21,OPTFUT,GOLD,28NOV2018,,31200.0000,PE,585.0000,0.0000,0.0000,0.0000,585.0000,0,0.00,489.0000,425.5000,GRMS,421.0000,0,0,0.0000,27 NOV 2018 00:00:00,INR
27NOV2018,0,NORMAL,21,OPTFUT,GOLD,28NOV2018,,31300.0000,CE,0.5000,0.0000,0.0000,0.0000,0.5000,0,0.00,307.5000,115.5000,GRMS,0.5000,0,8,0.0000,27 NOV 2018 00:00:00,INR
27NOV2018,0,NORMAL,21,OPTFUT,GOLD,28NOV2018,,31300.0000,PE,685.0000,0.0000,0.0000,0.0000,685.0000,0,0.00,0.0000,0.0000,GRMS,521.0000,0,0,0.0000,27 NOV 2018 00:00:00,INR
27NOV2018,0,NORMAL,21,OPTFUT,GOLD,28NOV2018,,31400.0000,CE,0.5000,0.0000,0.0000,0.0000,0.5000,0,0.00,274.5000,90.5000,GRMS,0.5000,0,21,0.0000,27 NOV 2018 00:00:00,INR
27NOV2018,0,NORMAL,21,OPTFUT,GOLD,28NOV2018,,31400.0000,PE,784.5000,0.0000,0.0000,0.0000,784.5000,0,0.00,0.0000,0.0000,GRMS,621.0000,0,0,0.0000,27 NOV 2018 00:00:00,INR
27NOV2018,0,NORMAL,21,OPTFUT,GOLD,28NOV2018,,31500.0000,CE,0.5000,0.0000,0.0000,0.0000,0.5000,0,0.00,1095.0000,100.0000,GRMS,0.5000,0,5,0.0000,27 NOV 2018 00:00:00,INR
27NOV2018,0,NORMAL,21,OPTFUT,GOLD,28NOV2018,,31500.0000,PE,884.5000,0.0000,0.0000,0.0000,884.5000,0,0.00,0.0000,0.0000,GRMS,721.0000,0,0,0.0000,27 NOV 2018 00:00:00,INR
27NOV2018,0,NORMAL,21,OPTFUT,GOLD,28NOV2018,,31600.0000,CE,0.5000,0.0000,0.0000,0.0000,0.5000,0,0.00,0.0000,0.0000,GRMS,0.5000,0,0,0.0000,27 NOV 2018 00:00:00,INR
27NOV2018,0,NORMAL,21,OPTFUT,GOLD,28NOV2018,,31600.0000,PE,984.5000,0.0000,0.0000,0.0000,984.5000,0,0.00,0.0000,0.0000,GRMS,821.0000,0,0,0.0000,27 NOV 2018 00:00:00,INR
27NOV2018,0,NORMAL,21,OPTFUT,GOLD,28NOV2018,,31700.0000,CE,0.5000,0.0000,0.0000,0.0000,0.5000,0,0.00,0.0000,0.0000,GRMS,0.5000,0,0,0.0000,27 NOV 2018 00:00:00,INR
27NOV2018,0,NORMAL,21,OPTFUT,GOLD,28NOV2018,,31700.0000,PE,1084.5000,0.0000,0.0000,0.0000,1084.5000,0,0.00,0.0000,0.0000,GRMS,921.0000,0,0,0.0000,27 NOV 2018 00:00:00,INR
27NOV2018,0,NORMAL,21,OPTFUT,GOLD,28NOV2018,,31800.0000,CE,0.5000,0.0000,0.0000,0.0000,0.5000,0,0.00,0.0000,0.0000,GRMS,0.5000,0,0,0.0000,27 NOV 2018 00:00:00,INR
27NOV2018,0,NORMAL,21,OPTFUT,GOLD,28NOV2018,,31800.0000,PE,1184.5000,0.0000,0.0000,0.0000,1184.5000,0,0.00,0.0000,0.0000,GRMS,1021.0000,0,0,0.0000,27 NOV 2018 00:00:00,INR
27NOV2018,0,NORMAL,21,OPTFUT,GOLD,28NOV2018,,31900.0000,CE,0.5000,0.0000,0.0000,0.0000,0.5000,0,0.00,0.0000,0.0000,GRMS,0.5000,0,0,0.0000,27 NOV 2018 00:00:00,INR
27NOV2018,0,NORMAL,21,OPTFUT,GOLD,28NOV2018,,31900.0000,PE,1284.5000,0.0000,0.0000,0.0000,1284.5000,0,0.00,0.0000,0.0000,GRMS,1121.0000,0,0,0.0000,27 NOV 2018 00:00:00,INR
27NOV2018,0,NORMAL,21,OPTFUT,GOLD,28NOV2018,,32000.0000,CE,0.5000,0.0000,0.0000,0.0000,0.5000,0,0.00,999.0000,450.0000,GRMS,0.5000,0,0,0.0000,27 NOV 2018 00:00:00,INR
27NOV2018,0,NORMAL,21,OPTFUT,GOLD,28NOV2018,,32000.0000,PE,1384.5000,0.0000,0.0000,0.0000,1384.5000,0,0.00,0.0000,0.0000,GRMS,1221.0000,0,0,0.0000,27 NOV 2018 00:00:00,INR
27NOV2018,0,NORMAL,21,OPTFUT,GOLD,28NOV2018,,32100.0000,CE,0.5000,0.0000,0.0000,0.0000,0.5000,0,0.00,0.0000,0.0000,GRMS,0.5000,0,0,0.0000,27 NOV 2018 00:00:00,INR
27NOV2018,0,NORMAL,21,OPTFUT,GOLD,28NOV2018,,32100.0000,PE,1484.5000,0.0000,0.0000,0.0000,1484.5000,0,0.00,0.0000,0.0000,GRMS,1320.5000,0,0,0.0000,27 NOV 2018 00:00:00,INR
27NOV2018,0,NORMAL,21,OPTFUT,GOLD,28NOV2018,,32200.0000,CE,0.5000,0.0000,0.0000,0.0000,0.5000,0,0.00,0.0000,0.0000,GRMS,0.5000,0,0,0.0000,27 NOV 2018 00:00:00,INR
27NOV2018,0,NORMAL,21,OPTFUT,GOLD,28NOV2018,,32200.0000,PE,1584.5000,0.0000,0.0000,0.0000,1584.5000,0,0.00,0.0000,0.0000,GRMS,1420.5000,0,0,0.0000,27 NOV 2018 00:00:00,INR
27NOV2018,0,NORMAL,21,OPTFUT,GOLD,28NOV2018,,32300.0000,CE,0.5000,0.0000,0.0000,0.0000,0.5000,0,0.00,0.0000,0.0000,GRMS,0.5000,0,0,0.0000,27 NOV 2018 00:00:00,INR
27NOV2018,0,NORMAL,21,OPTFUT,GOLD,28NOV2018,,32300.0000,PE,1684.5000,0.0000,0.0000,0.0000,1684.5000,0,0.00,0.0000,0.0000,GRMS,1520.5000,0,0,0.0000,27 NOV 2018 00:00:00,INR
27NOV2018,0,NORMAL,21,OPTFUT,GOLD,28NOV2018,,32400.0000,CE,0.5000,0.0000,0.0000,0.0000,0.5000,0,0.00,0.0000,0.0000,GRMS,0.5000,0,0,0.0000,27 NOV 2018 00:00:00,INR
27NOV2018,0,NORMAL,21,OPTFUT,GOLD,28NOV2018,,32400.0000,PE,1784.5000,0.0000,0.0000,0.0000,1784.5000,0,0.00,0.0000,0.0000,GRMS,1620.5000,0,0,0.0000,27 NOV 2018 00:00:00,INR
27NOV2018,0,NORMAL,21,OPTFUT,GOLD,28NOV2018,,32500.0000,CE,0.5000,0.0000,0.0000,0.0000,0.5000,0,0.00,0.0000,0.0000,GRMS,0.5000,0,0,0.0000,27 NOV 2018 00:00:00,INR
27NOV2018,0,NORMAL,21,OPTFUT,GOLD,28NOV2018,,32500.0000,PE,1884.5000,0.0000,0.0000,0.0000,1884.5000,0,0.00,0.0000,0.0000,GRMS,1720.5000,0,0,0.0000,27 NOV 2018 00:00:00,INR
27NOV2018,0,NORMAL,21,OPTFUT,GOLD,28NOV2018,,32600.0000,CE,0.5000,0.0000,0.0000,0.0000,0.5000,0,0.00,0.0000,0.0000,GRMS,0.5000,0,0,0.0000,27 NOV 2018 00:00:00,INR
27NOV2018,0,NORMAL,21,OPTFUT,GOLD,28NOV2018,,32600.0000,PE,1984.0000,0.0000,0.0000,0.0000,1984.0000,0,0.00,0.0000,0.0000,GRMS,1820.5000,0,0,0.0000,27 NOV 2018 00:00:00,INR
27NOV2018,0,NORMAL,21,OPTFUT,GOLD,28NOV2018,,32700.0000,CE,0.5000,0.0000,0.0000,0.0000,0.5000,0,0.00,0.0000,0.0000,GRMS,0.5000,0,0,0.0000,27 NOV 2018 00:00:00,INR
27NOV2018,0,NORMAL,21,OPTFUT,GOLD,28NOV2018,,32700.0000,PE,2084.0000,0.0000,0.0000,0.0000,2084.0000,0,0.00,0.0000,0.0000,GRMS,1920.5000,0,0,0.0000,27 NOV 2018 00:00:00,INR
27NOV2018,0,NORMAL,21,OPTFUT,GOLD,28NOV2018,,32800.0000,CE,0.5000,0.0000,0.0000,0.0000,0.5000,0,0.00,0.0000,0.0000,GRMS,0.5000,0,0,0.0000,27 NOV 2018 00:00:00,INR
27NOV2018,0,NORMAL,21,OPTFUT,GOLD,28NOV2018,,32800.0000,PE,2184.0000,0.0000,0.0000,0.0000,2184.0000,0,0.00,0.0000,0.0000,GRMS,2020.5000,0,0,0.0000,27 NOV 2018 00:00:00,INR
27NOV2018,0,NORMAL,21,OPTFUT,GOLD,28NOV2018,,32900.0000,CE,0.5000,0.0000,0.0000,0.0000,0.5000,0,0.00,0.0000,0.0000,GRMS,0.5000,0,0,0.0000,27 NOV 2018 00:00:00,INR
27NOV2018,0,NORMAL,21,OPTFUT,GOLD,28NOV2018,,32900.0000,PE,2284.0000,0.0000,0.0000,0.0000,2284.0000,0,0.00,0.0000,0.0000,GRMS,2120.5000,0,0,0.0000,27 NOV 2018 00:00:00,INR
27NOV2018,0,NORMAL,21,OPTFUT,GOLD,28NOV2018,,33000.0000,CE,0.5000,0.0000,0.0000,0.0000,0.5000,0,0.00,0.0000,0.0000,GRMS,0.5000,0,0,0.0000,27 NOV 2018 00:00:00,INR
27NOV2018,0,NORMAL,21,OPTFUT,GOLD,28NOV2018,,33000.0000,PE,2384.0000,0.0000,0.0000,0.0000,2384.0000,0,0.00,0.0000,0.0000,GRMS,2220.5000,0,0,0.0000,27 NOV 2018 00:00:00,INR
27NOV2018,0,NORMAL,21,OPTFUT,GOLD,28NOV2018,,33100.0000,CE,0.5000,0.0000,0.0000,0.0000,0.5000,0,0.00,0.0000,0.0000,GRMS,0.5000,0,0,0.0000,27 NOV 2018 00:00:00,INR
27NOV2018,0,NORMAL,21,OPTFUT,GOLD,28NOV2018,,33100.0000,PE,2484.0000,0.0000,0.0000,0.0000,2484.0000,0,0.00,0.0000,0.0000,GRMS,2320.5000,0,0,0.0000,27 NOV 2018 00:00:00,INR
27NOV2018,0,NORMAL,21,OPTFUT,GOLD,28NOV2018,,33200.0000,CE,0.5000,0.0000,0.0000,0.0000,0.5000,0,0.00,0.0000,0.0000,GRMS,0.5000,0,0,0.0000,27 NOV 2018 00:00:00,INR
27NOV2018,0,NORMAL,21,OPTFUT,GOLD,28NOV2018,,33200.0000,PE,2584.0000,0.0000,0.0000,0.0000,2584.0000,0,0.00,0.0000,0.0000,GRMS,2420.5000,0,0,0.0000,27 NOV 2018 00:00:00,INR
27NOV2018,0,NORMAL,21,OPTFUT,GOLD,28NOV2018,,33300.0000,CE,0.5000,0.0000,0.0000,0.0000,0.5000,0,0.00,0.0000,0.0000,GRMS,0.5000,0,0,0.0000,27 NOV 2018 00:00:00,INR
27NOV2018,0,NORMAL,21,OPTFUT,GOLD,28NOV2018,,33300.0000,PE,2684.0000,0.0000,0.0000,0.0000,2684.0000,0,0.00,0.0000,0.0000,GRMS,2520.5000,0,0,0.0000,27 NOV 2018 00:00:00,INR
27NOV2018,0,NORMAL,21,OPTFUT,GOLD,28NOV2018,,33400.0000,CE,0.5000,0.0000,0.0000,0.0000,0.5000,0,0.00,0.0000,0.0000,GRMS,0.5000,0,0,0.0000,27 NOV 2018 00:00:00,INR
27NOV2018,0,NORMAL,21,OPTFUT,GOLD,28NOV2018,,33400.0000,PE,2784.0000,0.0000,0.0000,0.0000,2784.0000,0,0.00,0.0000,0.0000,GRMS,2620.5000,0,0,0.0000,27 NOV 2018 00:00:00,INR
27NOV2018,0,NORMAL,21,OPTFUT,GOLD,28NOV2018,,33500.0000,CE,0.5000,0.0000,0.0000,0.0000,0.5000,0,0.00,0.0000,0.0000,GRMS,0.5000,0,0,0.0000,27 NOV 2018 00:00:00,INR
27NOV2018,0,NORMAL,21,OPTFUT,GOLD,28NOV2018,,33500.0000,PE,2884.0000,0.0000,0.0000,0.0000,2884.0000,0,0.00,0.0000,0.0000,GRMS,2720.5000,0,0,0.0000,27 NOV 2018 00:00:00,INR
27NOV2018,0,NORMAL,21,OPTFUT,GOLD,28NOV2018,,33600.0000,CE,0.5000,0.0000,0.0000,0.0000,0.5000,0,0.00,0.0000,0.0000,GRMS,0.5000,0,0,0.0000,27 NOV 2018 00:00:00,INR
27NOV2018,0,NORMAL,21,OPTFUT,GOLD,28NOV2018,,33600.0000,PE,2984.0000,0.0000,0.0000,0.0000,2984.0000,0,0.00,0.0000,0.0000,GRMS,2820.5000,0,0,0.0000,27 NOV 2018 00:00:00,INR
27NOV2018,0,NORMAL,21,OPTFUT,GOLD,28NOV2018,,33700.0000,CE,0.5000,0.0000,0.0000,0.0000,0.5000,0,0.00,0.0000,0.0000,GRMS,0.5000,0,0,0.0000,27 NOV 2018 00:00:00,INR
27NOV2018,0,NORMAL,21,OPTFUT,GOLD,28NOV2018,,33700.0000,PE,3084.0000,0.0000,0.0000,0.0000,3084.0000,0,0.00,0.0000,0.0000,GRMS,2920.5000,0,0,0.0000,27 NOV 2018 00:00:00,INR
27NOV2018,0,NORMAL,21,OPTFUT,GOLD,28NOV2018,,33800.0000,CE,0.5000,0.0000,0.0000,0.0000,0.5000,0,0.00,0.0000,0.0000,GRMS,0.5000,0,0,0.0000,27 NOV 2018 00:00:00,INR
27NOV2018,0,NORMAL,21,OPTFUT,GOLD,28NOV2018,,33800.0000,PE,3183.5000,0.0000,0.0000,0.0000,3183.5000,0,0.00,0.0000,0.0000,GRMS,3020.5000,0,0,0.0000,27 NOV 2018 00:00:00,INR
27NOV2018,0,NORMAL,21,OPTFUT,GOLD,29JAN2019,,29800.0000,CE,427.0000,0.0000,0.0000,0.0000,427.0000,0,0.00,0.0000,0.0000,GRMS,310.0000,0,0,0.0000,27 NOV 2018 00:00:00,INR
27NOV2018,0,NORMAL,21,OPTFUT,GOLD,29JAN2019,,29800.0000,PE,723.5000,0.0000,0.0000,0.0000,723.5000,0,0.00,0.0000,0.0000,GRMS,1100.0000,0,0,0.0000,27 NOV 2018 00:00:00,INR
27NOV2018,0,NORMAL,21,OPTFUT,GOLD,29JAN2019,,29900.0000,CE,388.0000,0.0000,0.0000,0.0000,388.0000,0,0.00,0.0000,0.0000,GRMS,281.5000,0,0,0.0000,27 NOV 2018 00:00:00,INR
27NOV2018,0,NORMAL,21,OPTFUT,GOLD,29JAN2019,,29900.0000,PE,783.0000,0.0000,0.0000,0.0000,783.0000,0,0.00,0.0000,0.0000,GRMS,1170.0000,0,0,0.0000,27 NOV 2018 00:00:00,INR
27NOV2018,0,NORMAL,21,OPTFUT,GOLD,29JAN2019,,30000.0000,CE,352.0000,0.0000,0.0000,0.0000,352.0000,0,0.00,0.0000,0.0000,GRMS,255.0000,0,0,0.0000,27 NOV 2018 00:00:00,INR
27NOV2018,0,NORMAL,21,OPTFUT,GOLD,29JAN2019,,30000.0000,PE,845.5000,0.0000,0.0000,0.0000,845.5000,0,0.00,0.0000,0.0000,GRMS,1242.5000,0,0,0.0000,27 NOV 2018 00:00:00,INR
27NOV2018,0,NORMAL,21,OPTFUT,GOLD,29JAN2019,,30100.0000,CE,318.0000,0.0000,0.0000,0.0000,318.0000,0,0.00,0.0000,0.0000,GRMS,230.5000,0,0,0.0000,27 NOV 2018 00:00:00,INR
27NOV2018,0,NORMAL,21,OPTFUT,GOLD,29JAN2019,,30100.0000,PE,910.5000,0.0000,0.0000,0.0000,910.5000,0,0.00,0.0000,0.0000,GRMS,1317.0000,0,0,0.0000,27 NOV 2018 00:00:00,INR
27NOV2018,0,NORMAL,21,OPTFUT,GOLD,29JAN2019,,30200.0000,CE,287.0000,0.0000,0.0000,0.0000,287.0000,0,0.00,0.0000,0.0000,GRMS,208.0000,0,0,0.0000,27 NOV 2018 00:00:00,INR
27NOV2018,0,NORMAL,21,OPTFUT,GOLD,29JAN2019,,30200.0000,PE,978.0000,0.0000,0.0000,0.0000,978.0000,0,0.00,0.0000,0.0000,GRMS,1393.0000,0,0,0.0000,27 NOV 2018 00:00:00,INR
27NOV2018,0,NORMAL,21,OPTFUT,GOLD,29JAN2019,,30300.0000,CE,258.0000,0.0000,0.0000,0.0000,258.0000,0,0.00,0.0000,0.0000,GRMS,187.5000,0,0,0.0000,27 NOV 2018 00:00:00,INR
27NOV2018,0,NORMAL,21,OPTFUT,GOLD,29JAN2019,,30300.0000,PE,1048.0000,0.0000,0.0000,0.0000,1048.0000,0,0.00,0.0000,0.0000,GRMS,1471.0000,0,0,0.0000,27 NOV 2018 00:00:00,INR
27NOV2018,0,NORMAL,21,OPTFUT,GOLD,29JAN2019,,30400.0000,CE,231.5000,0.0000,0.0000,0.0000,231.5000,0,0.00,0.0000,0.0000,GRMS,168.5000,0,0,0.0000,27 NOV 2018 00:00:00,INR
27NOV2018,0,NORMAL,21,OPTFUT,GOLD,29JAN2019,,30400.0000,PE,1120.0000,0.0000,0.0000,0.0000,1120.0000,0,0.00,0.0000,0.0000,GRMS,1551.0000,0,0,0.0000,27 NOV 2018 00:00:00,INR
27NOV2018,0,NORMAL,21,OPTFUT,GOLD,29JAN2019,,30500.0000,CE,207.0000,0.0000,0.0000,0.0000,207.0000,0,0.00,0.0000,0.0000,GRMS,151.0000,0,0,0.0000,27 NOV 2018 00:00:00,INR
27NOV2018,0,NORMAL,21,OPTFUT,GOLD,29JAN2019,,30500.0000,PE,1194.0000,0.0000,0.0000,0.0000,1194.0000,0,0.00,0.0000,0.0000,GRMS,1632.0000,0,0,0.0000,27 NOV 2018 00:00:00,INR
27NOV2018,0,NORMAL,21,OPTFUT,GOLD,29JAN2019,,30600.0000,CE,184.5000,0.0000,0.0000,0.0000,184.5000,0,0.00,0.0000,0.0000,GRMS,135.0000,0,0,0.0000,27 NOV 2018 00:00:00,INR
27NOV2018,0,NORMAL,21,OPTFUT,GOLD,29JAN2019,,30600.0000,PE,1270.5000,0.0000,0.0000,0.0000,1270.5000,0,0.00,0.0000,0.0000,GRMS,1715.0000,0,0,0.0000,27 NOV 2018 00:00:00,INR
27NOV2018,0,NORMAL,21,OPTFUT,GOLD,29JAN2019,,30700.0000,CE,164.0000,0.0000,0.0000,0.0000,164.0000,0,0.00,0.0000,0.0000,GRMS,120.5000,0,0,0.0000,27 NOV 2018 00:00:00,INR
27NOV2018,0,NORMAL,21,OPTFUT,GOLD,29JAN2019,,30700.0000,PE,1349.0000,0.0000,0.0000,0.0000,1349.0000,0,0.00,0.0000,0.0000,GRMS,1799.0000,0,0,0.0000,27 NOV 2018 00:00:00,INR
27NOV2018,0,NORMAL,21,OPTFUT,GOLD,29JAN2019,,30800.0000,CE,145.5000,0.0000,0.0000,0.0000,145.5000,0,0.00,0.0000,0.0000,GRMS,107.0000,0,0,0.0000,27 NOV 2018 00:00:00,INR
27NOV2018,0,NORMAL,21,OPTFUT,GOLD,29JAN2019,,30800.0000,PE,1429.0000,0.0000,0.0000,0.0000,1429.0000,0,0.00,0.0000,0.0000,GRMS,1884.5000,0,0,0.0000,27 NOV 2018 00:00:00,INR
27NOV2018,0,NORMAL,21,OPTFUT,GOLD,29JAN2019,,30900.0000,CE,128.5000,0.0000,0.0000,0.0000,128.5000,0,0.00,0.0000,0.0000,GRMS,95.0000,0,0,0.0000,27 NOV 2018 00:00:00,INR
27NOV2018,0,NORMAL,21,OPTFUT,GOLD,29JAN2019,,30900.0000,PE,1511.0000,0.0000,0.0000,0.0000,1511.0000,0,0.00,0.0000,0.0000,GRMS,1971.5000,0,0,0.0000,27 NOV 2018 00:00:00,INR
27NOV2018,0,NORMAL,21,OPTFUT,GOLD,29JAN2019,,31000.0000,CE,113.5000,0.0000,0.0000,0.0000,113.5000,0,0.00,0.0000,0.0000,GRMS,84.5000,0,0,0.0000,27 NOV 2018 00:00:00,INR
27NOV2018,0,NORMAL,21,OPTFUT,GOLD,29JAN2019,,31000.0000,PE,1594.5000,0.0000,0.0000,0.0000,1594.5000,0,0.00,0.0000,0.0000,GRMS,2059.5000,0,0,0.0000,27 NOV 2018 00:00:00,INR
27NOV2018,0,NORMAL,21,OPTFUT,GOLD,29JAN2019,,31100.0000,CE,99.5000,0.0000,0.0000,0.0000,99.5000,0,0.00,0.0000,0.0000,GRMS,74.5000,0,0,0.0000,27 NOV 2018 00:00:00,INR
27NOV2018,0,NORMAL,21,OPTFUT,GOLD,29JAN2019,,31100.0000,PE,1679.5000,0.0000,0.0000,0.0000,1679.5000,0,0.00,0.0000,0.0000,GRMS,2148.5000,0,0,0.0000,27 NOV 2018 00:00:00,INR
27NOV2018,0,NORMAL,21,OPTFUT,GOLD,29JAN2019,,31200.0000,CE,87.5000,0.0000,0.0000,0.0000,87.5000,0,0.00,0.0000,0.0000,GRMS,66.0000,0,0,0.0000,27 NOV 2018 00:00:00,INR
27NOV2018,0,NORMAL,21,OPTFUT,GOLD,29JAN2019,,31200.0000,PE,1766.0000,0.0000,0.0000,0.0000,1766.0000,0,0.00,0.0000,0.0000,GRMS,2238.5000,0,0,0.0000,27 NOV 2018 00:00:00,INR
27NOV2018,0,NORMAL,21,OPTFUT,GOLD,29JAN2019,,31300.0000,CE,76.5000,0.0000,0.0000,0.0000,76.5000,0,0.00,0.0000,0.0000,GRMS,58.0000,0,0,0.0000,27 NOV 2018 00:00:00,INR
27NOV2018,0,NORMAL,21,OPTFUT,GOLD,29JAN2019,,31300.0000,PE,1853.5000,0.0000,0.0000,0.0000,1853.5000,0,0.00,0.0000,0.0000,GRMS,2329.0000,0,0,0.0000,27 NOV 2018 00:00:00,INR
27NOV2018,0,NORMAL,21,OPTFUT,GOLD,29JAN2019,,31400.0000,CE,66.5000,0.0000,0.0000,0.0000,66.5000,0,0.00,0.0000,0.0000,GRMS,51.0000,0,0,0.0000,27 NOV 2018 00:00:00,INR
27NOV2018,0,NORMAL,21,OPTFUT,GOLD,29JAN2019,,31400.0000,PE,1942.5000,0.0000,0.0000,0.0000,1942.5000,0,0.00,0.0000,0.0000,GRMS,2421.0000,0,0,0.0000,27 NOV 2018 00:00:00,INR
27NOV2018,0,NORMAL,21,OPTFUT,GOLD,29JAN2019,,31500.0000,CE,58.0000,0.0000,0.0000,0.0000,58.0000,0,0.00,0.0000,0.0000,GRMS,44.5000,0,0,0.0000,27 NOV 2018 00:00:00,INR
27NOV2018,0,NORMAL,21,OPTFUT,GOLD,29JAN2019,,31500.0000,PE,2032.5000,0.0000,0.0000,0.0000,2032.5000,0,0.00,0.0000,0.0000,GRMS,2513.5000,0,0,0.0000,27 NOV 2018 00:00:00,INR
27NOV2018,0,NORMAL,21,OPTFUT,GOLD,29JAN2019,,31600.0000,CE,50.0000,0.0000,0.0000,0.0000,50.0000,0,0.00,0.0000,0.0000,GRMS,39.0000,0,0,0.0000,27 NOV 2018 00:00:00,INR
27NOV2018,0,NORMAL,21,OPTFUT,GOLD,29JAN2019,,31600.0000,PE,2123.5000,0.0000,0.0000,0.0000,2123.5000,0,0.00,0.0000,0.0000,GRMS,2606.5000,0,0,0.0000,27 NOV 2018 00:00:00,INR
27NOV2018,0,NORMAL,21,OPTFUT,GOLD,29JAN2019,,31700.0000,CE,43.5000,0.0000,0.0000,0.0000,43.5000,0,0.00,0.0000,0.0000,GRMS,34.0000,0,0,0.0000,27 NOV 2018 00:00:00,INR
27NOV2018,0,NORMAL,21,OPTFUT,GOLD,29JAN2019,,31700.0000,PE,2215.5000,0.0000,0.0000,0.0000,2215.5000,0,0.00,0.0000,0.0000,GRMS,2700.5000,0,0,0.0000,27 NOV 2018 00:00:00,INR
27NOV2018,0,NORMAL,21,OPTFUT,GOLD,29JAN2019,,31800.0000,CE,37.5000,0.0000,0.0000,0.0000,37.5000,0,0.00,0.0000,0.0000,GRMS,29.5000,0,0,0.0000,27 NOV 2018 00:00:00,INR
27NOV2018,0,NORMAL,21,OPTFUT,GOLD,29JAN2019,,31800.0000,PE,2308.5000,0.0000,0.0000,0.0000,2308.5000,0,0.00,0.0000,0.0000,GRMS,2794.5000,0,0,0.0000,27 NOV 2018 00:00:00,INR
27NOV2018,0,NORMAL,21,OPTFUT,GOLD,29JAN2019,,31900.0000,CE,32.0000,0.0000,0.0000,0.0000,32.0000,0,0.00,0.0000,0.0000,GRMS,25.5000,0,0,0.0000,27 NOV 2018 00:00:00,INR
27NOV2018,0,NORMAL,21,OPTFUT,GOLD,29JAN2019,,31900.0000,PE,2402.0000,0.0000,0.0000,0.0000,2402.0000,0,0.00,0.0000,0.0000,GRMS,2889.5000,0,0,0.0000,27 NOV 2018 00:00:00,INR
27NOV2018,0,NORMAL,21,OPTFUT,GOLD,29JAN2019,,32000.0000,CE,27.5000,0.0000,0.0000,0.0000,27.5000,0,0.00,0.0000,0.0000,GRMS,22.5000,0,0,0.0000,27 NOV 2018 00:00:00,INR
27NOV2018,0,NORMAL,21,OPTFUT,GOLD,29JAN2019,,32000.0000,PE,2496.0000,0.0000,0.0000,0.0000,2496.0000,0,0.00,0.0000,0.0000,GRMS,2985.0000,0,0,0.0000,27 NOV 2018 00:00:00,INR
27NOV2018,0,NORMAL,21,OPTFUT,GOLD,29JAN2019,,32100.0000,CE,23.5000,0.0000,0.0000,0.0000,23.5000,0,0.00,0.0000,0.0000,GRMS,19.5000,0,0,0.0000,27 NOV 2018 00:00:00,INR
27NOV2018,0,NORMAL,21,OPTFUT,GOLD,29JAN2019,,32100.0000,PE,2590.5000,0.0000,0.0000,0.0000,2590.5000,0,0.00,0.0000,0.0000,GRMS,3080.5000,0,0,0.0000,27 NOV 2018 00:00:00,INR
27NOV2018,0,NORMAL,21,OPTFUT,GOLD,29JAN2019,,32200.0000,CE,20.0000,0.0000,0.0000,0.0000,20.0000,0,0.00,0.0000,0.0000,GRMS,16.5000,0,0,0.0000,27 NOV 2018 00:00:00,INR
27NOV2018,0,NORMAL,21,OPTFUT,GOLD,29JAN2019,,32200.0000,PE,2686.0000,0.0000,0.0000,0.0000,2686.0000,0,0.00,0.0000,0.0000,GRMS,3176.5000,0,0,0.0000,27 NOV 2018 00:00:00,INR
27NOV2018,0,NORMAL,21,OPTFUT,GOLD,29JAN2019,,32300.0000,CE,17.0000,0.0000,0.0000,0.0000,17.0000,0,0.00,0.0000,0.0000,GRMS,14.5000,0,0,0.0000,27 NOV 2018 00:00:00,INR
27NOV2018,0,NORMAL,21,OPTFUT,GOLD,29JAN2019,,32300.0000,PE,2781.5000,0.0000,0.0000,0.0000,2781.5000,0,0.00,0.0000,0.0000,GRMS,3273.0000,0,0,0.0000,27 NOV 2018 00:00:00,INR
27NOV2018,0,NORMAL,21,OPTFUT,GOLD,29JAN2019,,32400.0000,CE,14.5000,0.0000,0.0000,0.0000,14.5000,0,0.00,0.0000,0.0000,GRMS,12.5000,0,0,0.0000,27 NOV 2018 00:00:00,INR
27NOV2018,0,NORMAL,21,OPTFUT,GOLD,29JAN2019,,32400.0000,PE,2877.5000,0.0000,0.0000,0.0000,2877.5000,0,0.00,0.0000,0.0000,GRMS,3370.0000,0,0,0.0000,27 NOV 2018 00:00:00,INR
27NOV2018,0,NORMAL,21,OPTFUT,GOLD,29JAN2019,,32500.0000,CE,12.0000,0.0000,0.0000,0.0000,12.0000,0,0.00,0.0000,0.0000,GRMS,10.5000,0,0,0.0000,27 NOV 2018 00:00:00,INR
27NOV2018,0,NORMAL,21,OPTFUT,GOLD,29JAN2019,,32500.0000,PE,2974.0000,0.0000,0.0000,0.0000,2974.0000,0,0.00,0.0000,0.0000,GRMS,3467.0000,0,0,0.0000,27 NOV 2018 00:00:00,INR
27NOV2018,0,NORMAL,21,OPTFUT,GOLD,29JAN2019,,32600.0000,CE,10.5000,0.0000,0.0000,0.0000,10.5000,0,0.00,0.0000,0.0000,GRMS,9.0000,0,0,0.0000,27 NOV 2018 00:00:00,INR
27NOV2018,0,NORMAL,21,OPTFUT,GOLD,29JAN2019,,32600.0000,PE,3071.0000,0.0000,0.0000,0.0000,3071.0000,0,0.00,0.0000,0.0000,GRMS,3564.0000,0,0,0.0000,27 NOV 2018 00:00:00,INR
27NOV2018,0,NORMAL,21,OPTFUT,GOLD,29JAN2019,,32700.0000,CE,8.5000,0.0000,0.0000,0.0000,8.5000,0,0.00,0.0000,0.0000,GRMS,7.5000,0,0,0.0000,27 NOV 2018 00:00:00,INR
27NOV2018,0,NORMAL,21,OPTFUT,GOLD,29JAN2019,,32700.0000,PE,3168.0000,0.0000,0.0000,0.0000,3168.0000,0,0.00,0.0000,0.0000,GRMS,3661.5000,0,0,0.0000,27 NOV 2018 00:00:00,INR
27NOV2018,0,NORMAL,21,OPTFUT,GOLD,29JAN2019,,32800.0000,CE,7.0000,0.0000,0.0000,0.0000,7.0000,0,0.00,0.0000,0.0000,GRMS,6.5000,0,0,0.0000,27 NOV 2018 00:00:00,INR
27NOV2018,0,NORMAL,21,OPTFUT,GOLD,29JAN2019,,32800.0000,PE,3265.5000,0.0000,0.0000,0.0000,3265.5000,0,0.00,0.0000,0.0000,GRMS,3759.0000,0,0,0.0000,27 NOV 2018 00:00:00,INR
27NOV2018,0,NORMAL,21,OPTFUT,GOLD,29JAN2019,,32900.0000,CE,6.0000,0.0000,0.0000,0.0000,6.0000,0,0.00,0.0000,0.0000,GRMS,5.5000,0,0,0.0000,27 NOV 2018 00:00:00,INR
27NOV2018,0,NORMAL,21,OPTFUT,GOLD,29JAN2019,,32900.0000,PE,3363.0000,0.0000,0.0000,0.0000,3363.0000,0,0.00,0.0000,0.0000,GRMS,3857.0000,0,0,0.0000,27 NOV 2018 00:00:00,INR
27NOV2018,0,NORMAL,21,OPTFUT,GOLD,29JAN2019,,33000.0000,CE,5.0000,0.0000,0.0000,0.0000,5.0000,0,0.00,0.0000,0.0000,GRMS,4.5000,0,0,0.0000,27 NOV 2018 00:00:00,INR
27NOV2018,0,NORMAL,21,OPTFUT,GOLD,29JAN2019,,33000.0000,PE,3460.5000,0.0000,0.0000,0.0000,3460.5000,0,0.00,0.0000,0.0000,GRMS,3955.0000,0,0,0.0000,27 NOV 2018 00:00:00,INR
27NOV2018,0,NORMAL,21,OPTFUT,GOLD,29JAN2019,,29700.0000,CE,468.5000,0.0000,0.0000,0.0000,468.5000,0,0.00,0.0000,0.0000,GRMS,340.5000,0,0,0.0000,27 NOV 2018 00:00:00,INR
27NOV2018,0,NORMAL,21,OPTFUT,GOLD,29JAN2019,,29700.0000,PE,666.0000,0.0000,0.0000,0.0000,666.0000,0,0.00,0.0000,0.0000,GRMS,1031.5000,0,0,0.0000,27 NOV 2018 00:00:00,INR
27NOV2018,0,NORMAL,21,OPTFUT,GOLD,29JAN2019,,29500.0000,CE,560.0000,0.0000,0.0000,0.0000,560.0000,0,0.00,0.0000,0.0000,GRMS,408.0000,0,0,0.0000,27 NOV 2018 00:00:00,INR
27NOV2018,0,NORMAL,21,OPTFUT,GOLD,29JAN2019,,29500.0000,PE,560.0000,0.0000,0.0000,0.0000,560.0000,0,0.00,0.0000,0.0000,GRMS,902.0000,0,0,0.0000,27 NOV 2018 00:00:00,INR
27NOV2018,0,NORMAL,21,OPTFUT,GOLD,29JAN2019,,29600.0000,CE,513.0000,0.0000,0.0000,0.0000,513.0000,0,0.00,0.0000,0.0000,GRMS,373.0000,0,0,0.0000,27 NOV 2018 00:00:00,INR
27NOV2018,0,NORMAL,21,OPTFUT,GOLD,29JAN2019,,29600.0000,PE,611.5000,0.0000,0.0000,0.0000,611.5000,0,0.00,0.0000,0.0000,GRMS,965.5000,0,0,0.0000,27 NOV 2018 00:00:00,INR
27NOV2018,0,NORMAL,21,OPTFUT,GOLD,29JAN2019,,29300.0000,CE,662.5000,0.0000,0.0000,0.0000,662.5000,0,0.00,0.0000,0.0000,GRMS,485.0000,0,0,0.0000,27 NOV 2018 00:00:00,INR
27NOV2018,0,NORMAL,21,OPTFUT,GOLD,29JAN2019,,29300.0000,PE,465.0000,0.0000,0.0000,0.0000,465.0000,0,0.00,0.0000,0.0000,GRMS,781.5000,0,0,0.0000,27 NOV 2018 00:00:00,INR
27NOV2018,0,NORMAL,21,OPTFUT,GOLD,29JAN2019,,29400.0000,CE,610.0000,0.0000,0.0000,0.0000,610.0000,0,0.00,0.0000,0.0000,GRMS,445.5000,0,0,0.0000,27 NOV 2018 00:00:00,INR
27NOV2018,0,NORMAL,21,OPTFUT,GOLD,29JAN2019,,29400.0000,PE,511.0000,0.0000,0.0000,0.0000,511.0000,0,0.00,0.0000,0.0000,GRMS,840.5000,0,0,0.0000,27 NOV 2018 00:00:00,INR
27NOV2018,0,NORMAL,21,OPTFUT,GOLD,29JAN2019,,33100.0000,CE,4.0000,0.0000,0.0000,0.0000,4.0000,0,0.00,0.0000,0.0000,GRMS,4.0000,0,0,0.0000,27 NOV 2018 00:00:00,INR
27NOV2018,0,NORMAL,21,OPTFUT,GOLD,29JAN2019,,33100.0000,PE,3558.5000,0.0000,0.0000,0.0000,3558.5000,0,0.00,0.0000,0.0000,GRMS,4053.0000,0,0,0.0000,27 NOV 2018 00:00:00,INR
27NOV2018,0,NORMAL,21,OPTFUT,GOLD,29JAN2019,,33200.0000,CE,3.5000,0.0000,0.0000,0.0000,3.5000,0,0.00,0.0000,0.0000,GRMS,3.5000,0,0,0.0000,27 NOV 2018 00:00:00,INR
27NOV2018,0,NORMAL,21,OPTFUT,GOLD,29JAN2019,,33200.0000,PE,3656.5000,0.0000,0.0000,0.0000,3656.5000,0,0.00,0.0000,0.0000,GRMS,4151.0000,0,0,0.0000,27 NOV 2018 00:00:00,INR
27NOV2018,0,NORMAL,21,OPTFUT,GOLD,29JAN2019,,33300.0000,CE,3.0000,0.0000,0.0000,0.0000,3.0000,0,0.00,0.0000,0.0000,GRMS,3.0000,0,0,0.0000,27 NOV 2018 00:00:00,INR
27NOV2018,0,NORMAL,21,OPTFUT,GOLD,29JAN2019,,33300.0000,PE,3754.5000,0.0000,0.0000,0.0000,3754.5000,0,0.00,0.0000,0.0000,GRMS,4249.0000,0,0,0.0000,27 NOV 2018 00:00:00,INR
27NOV2018,0,NORMAL,21,OPTFUT,GOLD,29JAN2019,,33400.0000,CE,2.5000,0.0000,0.0000,0.0000,2.5000,0,0.00,0.0000,0.0000,GRMS,2.5000,0,0,0.0000,27 NOV 2018 00:00:00,INR
27NOV2018,0,NORMAL,21,OPTFUT,GOLD,29JAN2019,,33400.0000,PE,3853.0000,0.0000,0.0000,0.0000,3853.0000,0,0.00,0.0000,0.0000,GRMS,4347.5000,0,0,0.0000,27 NOV 2018 00:00:00,INR
27NOV2018,0,NORMAL,21,OPTFUT,GOLD,29JAN2019,,33500.0000,CE,2.0000,0.0000,0.0000,0.0000,2.0000,0,0.00,0.0000,0.0000,GRMS,2.0000,0,0,0.0000,27 NOV 2018 00:00:00,INR
27NOV2018,0,NORMAL,21,OPTFUT,GOLD,29JAN2019,,33500.0000,PE,3951.5000,0.0000,0.0000,0.0000,3951.5000,0,0.00,0.0000,0.0000,GRMS,4446.0000,0,0,0.0000,27 NOV 2018 00:00:00,INR
27NOV2018,0,NORMAL,21,OPTFUT,GOLD,29JAN2019,,33600.0000,CE,1.5000,0.0000,0.0000,0.0000,1.5000,0,0.00,0.0000,0.0000,GRMS,1.5000,0,0,0.0000,27 NOV 2018 00:00:00,INR
27NOV2018,0,NORMAL,21,OPTFUT,GOLD,29JAN2019,,33600.0000,PE,4049.5000,0.0000,0.0000,0.0000,4049.5000,0,0.00,0.0000,0.0000,GRMS,4544.5000,0,0,0.0000,27 NOV 2018 00:00:00,INR
27NOV2018,0,NORMAL,21,OPTFUT,GOLD,29JAN2019,,33700.0000,CE,1.5000,0.0000,0.0000,0.0000,1.5000,0,0.00,0.0000,0.0000,GRMS,1.5000,0,0,0.0000,27 NOV 2018 00:00:00,INR
27NOV2018,0,NORMAL,21,OPTFUT,GOLD,29JAN2019,,33700.0000,PE,4148.0000,0.0000,0.0000,0.0000,4148.0000,0,0.00,0.0000,0.0000,GRMS,4643.0000,0,0,0.0000,27 NOV 2018 00:00:00,INR
27NOV2018,0,NORMAL,21,OPTFUT,GOLD,29JAN2019,,33800.0000,CE,1.0000,0.0000,0.0000,0.0000,1.0000,0,0.00,0.0000,0.0000,GRMS,1.0000,0,0,0.0000,27 NOV 2018 00:00:00,INR
27NOV2018,0,NORMAL,21,OPTFUT,GOLD,29JAN2019,,33800.0000,PE,4246.5000,0.0000,0.0000,0.0000,4246.5000,0,0.00,0.0000,0.0000,GRMS,4741.5000,0,0,0.0000,27 NOV 2018 00:00:00,INR
27NOV2018,0,NORMAL,21,OPTFUT,GOLD,29JAN2019,,33900.0000,CE,1.0000,0.0000,0.0000,0.0000,1.0000,0,0.00,0.0000,0.0000,GRMS,1.0000,0,0,0.0000,27 NOV 2018 00:00:00,INR
27NOV2018,0,NORMAL,21,OPTFUT,GOLD,29JAN2019,,33900.0000,PE,4345.0000,0.0000,0.0000,0.0000,4345.0000,0,0.00,0.0000,0.0000,GRMS,4840.0000,0,0,0.0000,27 NOV 2018 00:00:00,INR
27NOV2018,0,NORMAL,21,OPTFUT,GOLD,29JAN2019,,34000.0000,CE,0.5000,0.0000,0.0000,0.0000,0.5000,0,0.00,0.0000,0.0000,GRMS,1.0000,0,0,0.0000,27 NOV 2018 00:00:00,INR
27NOV2018,0,NORMAL,21,OPTFUT,GOLD,29JAN2019,,34000.0000,PE,4443.5000,0.0000,0.0000,0.0000,4443.5000,0,0.00,0.0000,0.0000,GRMS,4938.5000,0,0,0.0000,27 NOV 2018 00:00:00,INR
27NOV2018,0,NORMAL,21,OPTFUT,GOLD,29JAN2019,,34100.0000,CE,0.5000,0.0000,0.0000,0.0000,0.5000,0,0.00,0.0000,0.0000,GRMS,0.5000,0,0,0.0000,27 NOV 2018 00:00:00,INR
27NOV2018,0,NORMAL,21,OPTFUT,GOLD,29JAN2019,,34100.0000,PE,4542.5000,0.0000,0.0000,0.0000,4542.5000,0,0.00,0.0000,0.0000,GRMS,5037.0000,0,0,0.0000,27 NOV 2018 00:00:00,INR
27NOV2018,0,NORMAL,21,OPTFUT,GOLD,29JAN2019,,29000.0000,CE,836.5000,0.0000,0.0000,0.0000,836.5000,0,0.00,0.0000,0.0000,GRMS,619.0000,0,0,0.0000,27 NOV 2018 00:00:00,INR
27NOV2018,0,NORMAL,21,OPTFUT,GOLD,29JAN2019,,29000.0000,PE,343.0000,0.0000,0.0000,0.0000,343.0000,0,0.00,0.0000,0.0000,GRMS,619.0000,0,0,0.0000,27 NOV 2018 00:00:00,INR
27NOV2018,0,NORMAL,21,OPTFUT,GOLD,29JAN2019,,29100.0000,CE,776.0000,0.0000,0.0000,0.0000,776.0000,0,0.00,0.0000,0.0000,GRMS,571.5000,0,0,0.0000,27 NOV 2018 00:00:00,INR
27NOV2018,0,NORMAL,21,OPTFUT,GOLD,29JAN2019,,29100.0000,PE,381.0000,0.0000,0.0000,0.0000,381.0000,0,0.00,0.0000,0.0000,GRMS,670.5000,0,0,0.0000,27 NOV 2018 00:00:00,INR
27NOV2018,0,NORMAL,21,OPTFUT,GOLD,29JAN2019,,29200.0000,CE,717.5000,0.0000,0.0000,0.0000,717.5000,0,0.00,0.0000,0.0000,GRMS,527.0000,0,0,0.0000,27 NOV 2018 00:00:00,INR
27NOV2018,0,NORMAL,21,OPTFUT,GOLD,29JAN2019,,29200.0000,PE,421.5000,0.0000,0.0000,0.0000,421.5000,0,0.00,0.0000,0.0000,GRMS,724.5000,0,0,0.0000,27 NOV 2018 00:00:00,INR
27NOV2018,0,NORMAL,21,OPTFUT,GOLD,29JAN2019,,28900.0000,CE,900.0000,0.0000,0.0000,0.0000,900.0000,0,0.00,0.0000,0.0000,GRMS,668.5000,0,0,0.0000,27 NOV 2018 00:00:00,INR
27NOV2018,0,NORMAL,21,OPTFUT,GOLD,29JAN2019,,28900.0000,PE,307.5000,0.0000,0.0000,0.0000,307.5000,0,0.00,0.0000,0.0000,GRMS,569.5000,0,0,0.0000,27 NOV 2018 00:00:00,INR
27NOV2018,0,NORMAL,21,OPTFUT,GOLD,29JAN2019,,28800.0000,CE,966.0000,0.0000,0.0000,0.0000,966.0000,0,0.00,0.0000,0.0000,GRMS,720.5000,0,0,0.0000,27 NOV 2018 00:00:00,INR
27NOV2018,0,NORMAL,21,OPTFUT,GOLD,29JAN2019,,28800.0000,PE,275.0000,0.0000,0.0000,0.0000,275.0000,0,0.00,0.0000,0.0000,GRMS,523.0000,0,0,0.0000,27 NOV 2018 00:00:00,INR
27NOV2018,0,NORMAL,21,OPTFUT,GOLD,29JAN2019,,28700.0000,CE,1035.0000,0.0000,0.0000,0.0000,1035.0000,0,0.00,0.0000,0.0000,GRMS,775.0000,0,0,0.0000,27 NOV 2018 00:00:00,INR
27NOV2018,0,NORMAL,21,OPTFUT,GOLD,29JAN2019,,28700.0000,PE,245.0000,0.0000,0.0000,0.0000,245.0000,0,0.00,0.0000,0.0000,GRMS,479.0000,0,0,0.0000,27 NOV 2018 00:00:00,INR
27NOV2018,0,NORMAL,21,OPTFUT,GOLD,29JAN2019,,28400.0000,CE,1255.0000,0.0000,0.0000,0.0000,1255.0000,0,0.00,0.0000,0.0000,GRMS,953.5000,0,0,0.0000,27 NOV 2018 00:00:00,INR
27NOV2018,0,NORMAL,21,OPTFUT,GOLD,29JAN2019,,28400.0000,PE,169.0000,0.0000,0.0000,0.0000,169.0000,0,0.00,0.0000,0.0000,GRMS,361.0000,0,0,0.0000,27 NOV 2018 00:00:00,INR
27NOV2018,0,NORMAL,21,OPTFUT,GOLD,29JAN2019,,28500.0000,CE,1179.5000,0.0000,0.0000,0.0000,1179.5000,0,0.00,0.0000,0.0000,GRMS,891.5000,0,0,0.0000,27 NOV 2018 00:00:00,INR
27NOV2018,0,NORMAL,21,OPTFUT,GOLD,29JAN2019,,28500.0000,PE,192.0000,0.0000,0.0000,0.0000,192.0000,0,0.00,0.0000,0.0000,GRMS,398.0000,0,0,0.0000,27 NOV 2018 00:00:00,INR
27NOV2018,0,NORMAL,21,OPTFUT,GOLD,29JAN2019,,28600.0000,CE,1106.0000,0.0000,0.0000,0.0000,1106.0000,0,0.00,0.0000,0.0000,GRMS,832.0000,0,0,0.0000,27 NOV 2018 00:00:00,INR
27NOV2018,0,NORMAL,21,OPTFUT,GOLD,29JAN2019,,28600.0000,PE,217.5000,0.0000,0.0000,0.0000,217.5000,0,0.00,0.0000,0.0000,GRMS,437.0000,0,0,0.0000,27 NOV 2018 00:00:00,INR
27NOV2018,0,NORMAL,21,OPTFUT,GOLD,29JAN2019,,28300.0000,CE,2480.0000,0.0000,0.0000,0.0000,2480.0000,0,0.00,2618.0000,1750.0000,GRMS,1018.0000,0,10,0.0000,27 NOV 2018 00:00:00,INR
27NOV2018,0,NORMAL,21,OPTFUT,GOLD,29JAN2019,,28300.0000,PE,148.0000,0.0000,0.0000,0.0000,148.0000,0,0.00,0.0000,0.0000,GRMS,327.0000,0,0,0.0000,27 NOV 2018 00:00:00,INR
27NOV2018,0,NORMAL,21,OPTFUT,GOLD,29JAN2019,,28000.0000,CE,1576.0000,0.0000,0.0000,0.0000,1576.0000,0,0.00,0.0000,0.0000,GRMS,1225.0000,0,0,0.0000,27 NOV 2018 00:00:00,INR
27NOV2018,0,NORMAL,21,OPTFUT,GOLD,29JAN2019,,28000.0000,PE,94.5000,0.0000,0.0000,0.0000,94.5000,0,0.00,0.0000,0.0000,GRMS,237.5000,0,0,0.0000,27 NOV 2018 00:00:00,INR
27NOV2018,0,NORMAL,21,OPTFUT,GOLD,29JAN2019,,28100.0000,CE,1492.5000,0.0000,0.0000,0.0000,1492.5000,0,0.00,0.0000,0.0000,GRMS,1154.0000,0,0,0.0000,27 NOV 2018 00:00:00,INR
27NOV2018,0,NORMAL,21,OPTFUT,GOLD,29JAN2019,,28100.0000,PE,109.5000,0.0000,0.0000,0.0000,109.5000,0,0.00,0.0000,0.0000,GRMS,265.0000,0,0,0.0000,27 NOV 2018 00:00:00,INR
27NOV2018,0,NORMAL,21,OPTFUT,GOLD,29JAN2019,,28200.0000,CE,1410.5000,0.0000,0.0000,0.0000,1410.5000,0,0.00,0.0000,0.0000,GRMS,1085.0000,0,0,0.0000,27 NOV 2018 00:00:00,INR
27NOV2018,0,NORMAL,21,OPTFUT,GOLD,29JAN2019,,28200.0000,PE,126.5000,0.0000,0.0000,0.0000,126.5000,0,0.00,0.0000,0.0000,GRMS,295.0000,0,0,0.0000,27 NOV 2018 00:00:00,INR
27NOV2018,0,NORMAL,21,OPTFUT,GOLD,27MAR2019,,29900.0000,CE,2023.0000,0.0000,0.0000,0.0000,2023.0000,0,0.00,0.0000,0.0000,GRMS,2014.0000,0,0,0.0000,27 NOV 2018 00:00:00,INR
27NOV2018,0,NORMAL,21,OPTFUT,GOLD,27MAR2019,,29900.0000,PE,68.5000,0.0000,0.0000,0.0000,68.5000,0,0.00,0.0000,0.0000,GRMS,59.0000,0,0,0.0000,27 NOV 2018 00:00:00,INR
27NOV2018,0,NORMAL,21,OPTFUT,GOLD,27MAR2019,,30000.0000,CE,1935.5000,0.0000,0.0000,0.0000,1935.5000,0,0.00,0.0000,0.0000,GRMS,1925.5000,0,0,0.0000,27 NOV 2018 00:00:00,INR
27NOV2018,0,NORMAL,21,OPTFUT,GOLD,27MAR2019,,30000.0000,PE,79.0000,0.0000,0.0000,0.0000,79.0000,0,0.00,0.0000,0.0000,GRMS,68.5000,0,0,0.0000,27 NOV 2018 00:00:00,INR
27NOV2018,0,NORMAL,21,OPTFUT,GOLD,27MAR2019,,30100.0000,CE,1849.5000,0.0000,0.0000,0.0000,1849.5000,0,0.00,0.0000,0.0000,GRMS,1839.0000,0,0,0.0000,27 NOV 2018 00:00:00,INR
27NOV2018,0,NORMAL,21,OPTFUT,GOLD,27MAR2019,,30100.0000,PE,90.5000,0.0000,0.0000,0.0000,90.5000,0,0.00,0.0000,0.0000,GRMS,79.5000,0,0,0.0000,27 NOV 2018 00:00:00,INR
27NOV2018,0,NORMAL,21,OPTFUT,GOLD,27MAR2019,,30200.0000,CE,1765.0000,0.0000,0.0000,0.0000,1765.0000,0,0.00,0.0000,0.0000,GRMS,1753.5000,0,0,0.0000,27 NOV 2018 00:00:00,INR
27NOV2018,0,NORMAL,21,OPTFUT,GOLD,27MAR2019,,30200.0000,PE,103.5000,0.0000,0.0000,0.0000,103.5000,0,0.00,0.0000,0.0000,GRMS,91.5000,0,0,0.0000,27 NOV 2018 00:00:00,INR
27NOV2018,0,NORMAL,21,OPTFUT,GOLD,27MAR2019,,30300.0000,CE,1682.0000,0.0000,0.0000,0.0000,1682.0000,0,0.00,0.0000,0.0000,GRMS,1669.5000,0,0,0.0000,27 NOV 2018 00:00:00,INR
27NOV2018,0,NORMAL,21,OPTFUT,GOLD,27MAR2019,,30300.0000,PE,118.5000,0.0000,0.0000,0.0000,118.5000,0,0.00,0.0000,0.0000,GRMS,105.0000,0,0,0.0000,27 NOV 2018 00:00:00,INR
27NOV2018,0,NORMAL,21,OPTFUT,GOLD,27MAR2019,,30400.0000,CE,1600.5000,0.0000,0.0000,0.0000,1600.5000,0,0.00,0.0000,0.0000,GRMS,1587.0000,0,0,0.0000,27 NOV 2018 00:00:00,INR
27NOV2018,0,NORMAL,21,OPTFUT,GOLD,27MAR2019,,30400.0000,PE,134.5000,0.0000,0.0000,0.0000,134.5000,0,0.00,0.0000,0.0000,GRMS,120.5000,0,0,0.0000,27 NOV 2018 00:00:00,INR
27NOV2018,0,NORMAL,21,OPTFUT,GOLD,27MAR2019,,30500.0000,CE,1520.5000,0.0000,0.0000,0.0000,1520.5000,0,0.00,0.0000,0.0000,GRMS,1506.0000,0,0,0.0000,27 NOV 2018 00:00:00,INR
27NOV2018,0,NORMAL,21,OPTFUT,GOLD,27MAR2019,,30500.0000,PE,152.0000,0.0000,0.0000,0.0000,152.0000,0,0.00,0.0000,0.0000,GRMS,137.0000,0,0,0.0000,27 NOV 2018 00:00:00,INR
27NOV2018,0,NORMAL,21,OPTFUT,GOLD,27MAR2019,,30600.0000,CE,1442.5000,0.0000,0.0000,0.0000,1442.5000,0,0.00,0.0000,0.0000,GRMS,1427.0000,0,0,0.0000,27 NOV 2018 00:00:00,INR
27NOV2018,0,NORMAL,21,OPTFUT,GOLD,27MAR2019,,30600.0000,PE,171.5000,0.0000,0.0000,0.0000,171.5000,0,0.00,0.0000,0.0000,GRMS,155.5000,0,0,0.0000,27 NOV 2018 00:00:00,INR
27NOV2018,0,NORMAL,21,OPTFUT,GOLD,27MAR2019,,30700.0000,CE,1366.0000,0.0000,0.0000,0.0000,1366.0000,0,0.00,0.0000,0.0000,GRMS,1349.5000,0,0,0.0000,27 NOV 2018 00:00:00,INR
27NOV2018,0,NORMAL,21,OPTFUT,GOLD,27MAR2019,,30700.0000,PE,193.0000,0.0000,0.0000,0.0000,193.0000,0,0.00,0.0000,0.0000,GRMS,176.0000,0,0,0.0000,27 NOV 2018 00:00:00,INR
27NOV2018,0,NORMAL,21,OPTFUT,GOLD,27MAR2019,,30800.0000,CE,1292.0000,0.0000,0.0000,0.0000,1292.0000,0,0.00,0.0000,0.0000,GRMS,1274.5000,0,0,0.0000,27 NOV 2018 00:00:00,INR
27NOV2018,0,NORMAL,21,OPTFUT,GOLD,27MAR2019,,30800.0000,PE,216.0000,0.0000,0.0000,0.0000,216.0000,0,0.00,0.0000,0.0000,GRMS,198.5000,0,0,0.0000,27 NOV 2018 00:00:00,INR
27NOV2018,0,NORMAL,21,OPTFUT,GOLD,27MAR2019,,30900.0000,CE,1219.5000,0.0000,0.0000,0.0000,1219.5000,0,0.00,0.0000,0.0000,GRMS,1201.0000,0,0,0.0000,27 NOV 2018 00:00:00,INR
27NOV2018,0,NORMAL,21,OPTFUT,GOLD,27MAR2019,,30900.0000,PE,241.5000,0.0000,0.0000,0.0000,241.5000,0,0.00,0.0000,0.0000,GRMS,223.0000,0,0,0.0000,27 NOV 2018 00:00:00,INR
27NOV2018,0,NORMAL,21,OPTFUT,GOLD,27MAR2019,,31000.0000,CE,1149.0000,0.0000,0.0000,0.0000,1149.0000,0,0.00,0.0000,0.0000,GRMS,1130.0000,0,0,0.0000,27 NOV 2018 00:00:00,INR
27NOV2018,0,NORMAL,21,OPTFUT,GOLD,27MAR2019,,31000.0000,PE,268.5000,0.0000,0.0000,0.0000,268.5000,0,0.00,0.0000,0.0000,GRMS,249.5000,0,0,0.0000,27 NOV 2018 00:00:00,INR
27NOV2018,0,NORMAL,21,OPTFUT,GOLD,27MAR2019,,31100.0000,CE,1081.0000,0.0000,0.0000,0.0000,1081.0000,0,0.00,0.0000,0.0000,GRMS,1061.0000,0,0,0.0000,27 NOV 2018 00:00:00,INR
27NOV2018,0,NORMAL,21,OPTFUT,GOLD,27MAR2019,,31100.0000,PE,298.0000,0.0000,0.0000,0.0000,298.0000,0,0.00,0.0000,0.0000,GRMS,278.0000,0,0,0.0000,27 NOV 2018 00:00:00,INR
27NOV2018,0,NORMAL,21,OPTFUT,GOLD,27MAR2019,,31200.0000,CE,1015.0000,0.0000,0.0000,0.0000,1015.0000,0,0.00,0.0000,0.0000,GRMS,994.5000,0,0,0.0000,27 NOV 2018 00:00:00,INR
27NOV2018,0,NORMAL,21,OPTFUT,GOLD,27MAR2019,,31200.0000,PE,330.0000,0.0000,0.0000,0.0000,330.0000,0,0.00,0.0000,0.0000,GRMS,309.0000,0,0,0.0000,27 NOV 2018 00:00:00,INR
27NOV2018,0,NORMAL,21,OPTFUT,GOLD,27MAR2019,,31300.0000,CE,951.5000,0.0000,0.0000,0.0000,951.5000,0,0.00,0.0000,0.0000,GRMS,930.5000,0,0,0.0000,27 NOV 2018 00:00:00,INR
27NOV2018,0,NORMAL,21,OPTFUT,GOLD,27MAR2019,,31300.0000,PE,364.0000,0.0000,0.0000,0.0000,364.0000,0,0.00,0.0000,0.0000,GRMS,342.5000,0,0,0.0000,27 NOV 2018 00:00:00,INR
27NOV2018,0,NORMAL,21,OPTFUT,GOLD,27MAR2019,,31400.0000,CE,890.5000,0.0000,0.0000,0.0000,890.5000,0,0.00,0.0000,0.0000,GRMS,868.5000,0,0,0.0000,27 NOV 2018 00:00:00,INR
27NOV2018,0,NORMAL,21,OPTFUT,GOLD,27MAR2019,,31400.0000,PE,400.5000,0.0000,0.0000,0.0000,400.5000,0,0.00,0.0000,0.0000,GRMS,378.5000,0,0,0.0000,27 NOV 2018 00:00:00,INR
27NOV2018,0,NORMAL,21,OPTFUT,GOLD,27MAR2019,,31500.0000,CE,831.5000,0.0000,0.0000,0.0000,831.5000,0,0.00,0.0000,0.0000,GRMS,809.0000,0,0,0.0000,27 NOV 2018 00:00:00,INR
27NOV2018,0,NORMAL,21,OPTFUT,GOLD,27MAR2019,,31500.0000,PE,439.0000,0.0000,0.0000,0.0000,439.0000,0,0.00,0.0000,0.0000,GRMS,416.5000,0,0,0.0000,27 NOV 2018 00:00:00,INR
27NOV2018,0,NORMAL,21,OPTFUT,GOLD,27MAR2019,,31600.0000,CE,775.0000,0.0000,0.0000,0.0000,775.0000,0,0.00,0.0000,0.0000,GRMS,752.5000,0,0,0.0000,27 NOV 2018 00:00:00,INR
27NOV2018,0,NORMAL,21,OPTFUT,GOLD,27MAR2019,,31600.0000,PE,480.5000,0.0000,0.0000,0.0000,480.5000,0,0.00,0.0000,0.0000,GRMS,457.5000,0,0,0.0000,27 NOV 2018 00:00:00,INR
27NOV2018,0,NORMAL,21,OPTFUT,GOLD,27MAR2019,,31700.0000,CE,721.0000,0.0000,0.0000,0.0000,721.0000,0,0.00,0.0000,0.0000,GRMS,698.0000,0,0,0.0000,27 NOV 2018 00:00:00,INR
27NOV2018,0,NORMAL,21,OPTFUT,GOLD,27MAR2019,,31700.0000,PE,524.0000,0.0000,0.0000,0.0000,524.0000,0,0.00,0.0000,0.0000,GRMS,501.0000,0,0,0.0000,27 NOV 2018 00:00:00,INR
27NOV2018,0,NORMAL,21,OPTFUT,GOLD,27MAR2019,,31800.0000,CE,669.5000,0.0000,0.0000,0.0000,669.5000,0,0.00,0.0000,0.0000,GRMS,646.5000,0,0,0.0000,27 NOV 2018 00:00:00,INR
27NOV2018,0,NORMAL,21,OPTFUT,GOLD,27MAR2019,,31800.0000,PE,570.0000,0.0000,0.0000,0.0000,570.0000,0,0.00,0.0000,0.0000,GRMS,546.5000,0,0,0.0000,27 NOV 2018 00:00:00,INR
27NOV2018,0,NORMAL,21,OPTFUT,GOLD,27MAR2019,,31900.0000,CE,620.5000,0.0000,0.0000,0.0000,620.5000,0,0.00,0.0000,0.0000,GRMS,597.0000,0,0,0.0000,27 NOV 2018 00:00:00,INR
27NOV2018,0,NORMAL,21,OPTFUT,GOLD,27MAR2019,,31900.0000,PE,618.5000,0.0000,0.0000,0.0000,618.5000,0,0.00,0.0000,0.0000,GRMS,595.0000,0,0,0.0000,27 NOV 2018 00:00:00,INR
27NOV2018,0,NORMAL,21,OPTFUT,GOLD,27MAR2019,,32000.0000,CE,573.5000,0.0000,0.0000,0.0000,573.5000,0,0.00,0.0000,0.0000,GRMS,550.5000,0,0,0.0000,27 NOV 2018 00:00:00,INR
27NOV2018,0,NORMAL,21,OPTFUT,GOLD,27MAR2019,,32000.0000,PE,669.5000,0.0000,0.0000,0.0000,669.5000,0,0.00,0.0000,0.0000,GRMS,646.0000,0,0,0.0000,27 NOV 2018 00:00:00,INR
27NOV2018,0,NORMAL,21,OPTFUT,GOLD,27MAR2019,,32100.0000,CE,529.5000,0.0000,0.0000,0.0000,529.5000,0,0.00,0.0000,0.0000,GRMS,506.5000,0,0,0.0000,27 NOV 2018 00:00:00,INR
27NOV2018,0,NORMAL,21,OPTFUT,GOLD,27MAR2019,,32100.0000,PE,723.0000,0.0000,0.0000,0.0000,723.0000,0,0.00,0.0000,0.0000,GRMS,699.5000,0,0,0.0000,27 NOV 2018 00:00:00,INR
27NOV2018,0,NORMAL,21,OPTFUT,GOLD,27MAR2019,,32200.0000,CE,487.5000,0.0000,0.0000,0.0000,487.5000,0,0.00,0.0000,0.0000,GRMS,464.5000,0,0,0.0000,27 NOV 2018 00:00:00,INR
27NOV2018,0,NORMAL,21,OPTFUT,GOLD,27MAR2019,,32200.0000,PE,778.5000,0.0000,0.0000,0.0000,778.5000,0,0.00,0.0000,0.0000,GRMS,755.5000,0,0,0.0000,27 NOV 2018 00:00:00,INR
27NOV2018,0,NORMAL,21,OPTFUT,GOLD,27MAR2019,,32300.0000,CE,448.0000,0.0000,0.0000,0.0000,448.0000,0,0.00,0.0000,0.0000,GRMS,425.5000,0,0,0.0000,27 NOV 2018 00:00:00,INR
27NOV2018,0,NORMAL,21,OPTFUT,GOLD,27MAR2019,,32300.0000,PE,836.5000,0.0000,0.0000,0.0000,836.5000,0,0.00,0.0000,0.0000,GRMS,814.0000,0,0,0.0000,27 NOV 2018 00:00:00,INR
27NOV2018,0,NORMAL,21,OPTFUT,GOLD,27MAR2019,,32400.0000,CE,411.0000,0.0000,0.0000,0.0000,411.0000,0,0.00,0.0000,0.0000,GRMS,388.5000,0,0,0.0000,27 NOV 2018 00:00:00,INR
27NOV2018,0,NORMAL,21,OPTFUT,GOLD,27MAR2019,,32400.0000,PE,897.0000,0.0000,0.0000,0.0000,897.0000,0,0.00,0.0000,0.0000,GRMS,875.0000,0,0,0.0000,27 NOV 2018 00:00:00,INR
27NOV2018,0,NORMAL,21,OPTFUT,GOLD,27MAR2019,,32500.0000,CE,376.0000,0.0000,0.0000,0.0000,376.0000,0,0.00,0.0000,0.0000,GRMS,354.5000,0,0,0.0000,27 NOV 2018 00:00:00,INR
27NOV2018,0,NORMAL,21,OPTFUT,GOLD,27MAR2019,,32500.0000,PE,960.0000,0.0000,0.0000,0.0000,960.0000,0,0.00,0.0000,0.0000,GRMS,938.0000,0,0,0.0000,27 NOV 2018 00:00:00,INR
27NOV2018,0,NORMAL,21,OPTFUT,GOLD,27MAR2019,,32600.0000,CE,343.5000,0.0000,0.0000,0.0000,343.5000,0,0.00,0.0000,0.0000,GRMS,322.0000,0,0,0.0000,27 NOV 2018 00:00:00,INR
27NOV2018,0,NORMAL,21,OPTFUT,GOLD,27MAR2019,,32600.0000,PE,1025.0000,0.0000,0.0000,0.0000,1025.0000,0,0.00,0.0000,0.0000,GRMS,1003.5000,0,0,0.0000,27 NOV 2018 00:00:00,INR
27NOV2018,0,NORMAL,21,OPTFUT,GOLD,27MAR2019,,32700.0000,CE,313.0000,0.0000,0.0000,0.0000,313.0000,0,0.00,0.0000,0.0000,GRMS,292.5000,0,0,0.0000,27 NOV 2018 00:00:00,INR
27NOV2018,0,NORMAL,21,OPTFUT,GOLD,27MAR2019,,32700.0000,PE,1092.0000,0.0000,0.0000,0.0000,1092.0000,0,0.00,0.0000,0.0000,GRMS,1071.5000,0,0,0.0000,27 NOV 2018 00:00:00,INR
27NOV2018,0,NORMAL,21,OPTFUT,GOLD,27MAR2019,,32800.0000,CE,284.5000,0.0000,0.0000,0.0000,284.5000,0,0.00,0.0000,0.0000,GRMS,264.5000,0,0,0.0000,27 NOV 2018 00:00:00,INR
27NOV2018,0,NORMAL,21,OPTFUT,GOLD,27MAR2019,,32800.0000,PE,1161.5000,0.0000,0.0000,0.0000,1161.5000,0,0.00,0.0000,0.0000,GRMS,1141.5000,0,0,0.0000,27 NOV 2018 00:00:00,INR
27NOV2018,0,NORMAL,21,OPTFUT,GOLD,27MAR2019,,32900.0000,CE,258.5000,0.0000,0.0000,0.0000,258.5000,0,0.00,0.0000,0.0000,GRMS,239.0000,0,0,0.0000,27 NOV 2018 00:00:00,INR
27NOV2018,0,NORMAL,21,OPTFUT,GOLD,27MAR2019,,32900.0000,PE,1232.5000,0.0000,0.0000,0.0000,1232.5000,0,0.00,0.0000,0.0000,GRMS,1213.5000,0,0,0.0000,27 NOV 2018 00:00:00,INR
27NOV2018,0,NORMAL,21,OPTFUT,GOLD,27MAR2019,,33000.0000,CE,234.0000,0.0000,0.0000,0.0000,234.0000,0,0.00,0.0000,0.0000,GRMS,215.0000,0,0,0.0000,27 NOV 2018 00:00:00,INR
27NOV2018,0,NORMAL,21,OPTFUT,GOLD,27MAR2019,,33000.0000,PE,1305.5000,0.0000,0.0000,0.0000,1305.5000,0,0.00,0.0000,0.0000,GRMS,1287.5000,0,0,0.0000,27 NOV 2018 00:00:00,INR
27NOV2018,0,NORMAL,21,OPTFUT,GOLD,27MAR2019,,33100.0000,CE,211.5000,0.0000,0.0000,0.0000,211.5000,0,0.00,0.0000,0.0000,GRMS,193.5000,0,0,0.0000,27 NOV 2018 00:00:00,INR
27NOV2018,0,NORMAL,21,OPTFUT,GOLD,27MAR2019,,33100.0000,PE,1380.5000,0.0000,0.0000,0.0000,1380.5000,0,0.00,0.0000,0.0000,GRMS,1363.0000,0,0,0.0000,27 NOV 2018 00:00:00,INR
27NOV2018,0,NORMAL,21,OPTFUT,GOLD,27MAR2019,,33200.0000,CE,190.5000,0.0000,0.0000,0.0000,190.5000,0,0.00,0.0000,0.0000,GRMS,173.5000,0,0,0.0000,27 NOV 2018 00:00:00,INR
27NOV2018,0,NORMAL,21,OPTFUT,GOLD,27MAR2019,,33200.0000,PE,1457.5000,0.0000,0.0000,0.0000,1457.5000,0,0.00,0.0000,0.0000,GRMS,1440.5000,0,0,0.0000,27 NOV 2018 00:00:00,INR
27NOV2018,0,NORMAL,21,OPTFUT,GOLD,27MAR2019,,33300.0000,CE,171.5000,0.0000,0.0000,0.0000,171.5000,0,0.00,0.0000,0.0000,GRMS,155.0000,0,0,0.0000,27 NOV 2018 00:00:00,INR
27NOV2018,0,NORMAL,21,OPTFUT,GOLD,27MAR2019,,33300.0000,PE,1536.0000,0.0000,0.0000,0.0000,1536.0000,0,0.00,0.0000,0.0000,GRMS,1520.0000,0,0,0.0000,27 NOV 2018 00:00:00,INR
27NOV2018,0,NORMAL,21,OPTFUT,GOLD,27MAR2019,,33400.0000,CE,153.5000,0.0000,0.0000,0.0000,153.5000,0,0.00,0.0000,0.0000,GRMS,138.5000,0,0,0.0000,27 NOV 2018 00:00:00,INR
27NOV2018,0,NORMAL,21,OPTFUT,GOLD,27MAR2019,,33400.0000,PE,1616.0000,0.0000,0.0000,0.0000,1616.0000,0,0.00,0.0000,0.0000,GRMS,1601.0000,0,0,0.0000,27 NOV 2018 00:00:00,INR
27NOV2018,0,NORMAL,21,OPTFUT,GOLD,27MAR2019,,33500.0000,CE,137.5000,0.0000,0.0000,0.0000,137.5000,0,0.00,0.0000,0.0000,GRMS,123.0000,0,0,0.0000,27 NOV 2018 00:00:00,INR
27NOV2018,0,NORMAL,21,OPTFUT,GOLD,27MAR2019,,33500.0000,PE,1697.5000,0.0000,0.0000,0.0000,1697.5000,0,0.00,0.0000,0.0000,GRMS,1683.5000,0,0,0.0000,27 NOV 2018 00:00:00,INR
27NOV2018,0,NORMAL,21,OPTFUT,GOLD,27MAR2019,,33600.0000,CE,123.0000,0.0000,0.0000,0.0000,123.0000,0,0.00,0.0000,0.0000,GRMS,109.5000,0,0,0.0000,27 NOV 2018 00:00:00,INR
27NOV2018,0,NORMAL,21,OPTFUT,GOLD,27MAR2019,,33600.0000,PE,1780.5000,0.0000,0.0000,0.0000,1780.5000,0,0.00,0.0000,0.0000,GRMS,1767.0000,0,0,0.0000,27 NOV 2018 00:00:00,INR
27NOV2018,0,NORMAL,21,OPTFUT,GOLD,27MAR2019,,33700.0000,CE,109.5000,0.0000,0.0000,0.0000,109.5000,0,0.00,0.0000,0.0000,GRMS,97.0000,0,0,0.0000,27 NOV 2018 00:00:00,INR
27NOV2018,0,NORMAL,21,OPTFUT,GOLD,27MAR2019,,33700.0000,PE,1865.0000,0.0000,0.0000,0.0000,1865.0000,0,0.00,0.0000,0.0000,GRMS,1852.5000,0,0,0.0000,27 NOV 2018 00:00:00,INR
27NOV2018,0,NORMAL,21,OPTFUT,GOLD,27MAR2019,,33800.0000,CE,97.5000,0.0000,0.0000,0.0000,97.5000,0,0.00,0.0000,0.0000,GRMS,85.5000,0,0,0.0000,27 NOV 2018 00:00:00,INR
27NOV2018,0,NORMAL,21,OPTFUT,GOLD,27MAR2019,,33800.0000,PE,1950.0000,0.0000,0.0000,0.0000,1950.0000,0,0.00,0.0000,0.0000,GRMS,1938.5000,0,0,0.0000,27 NOV 2018 00:00:00,INR
27NOV2018,0,NORMAL,21,OPTFUT,GOLD,27MAR2019,,33900.0000,CE,86.5000,0.0000,0.0000,0.0000,86.5000,0,0.00,0.0000,0.0000,GRMS,75.5000,0,0,0.0000,27 NOV 2018 00:00:00,INR
27NOV2018,0,NORMAL,21,OPTFUT,GOLD,27MAR2019,,33900.0000,PE,2037.0000,0.0000,0.0000,0.0000,2037.0000,0,0.00,0.0000,0.0000,GRMS,2026.0000,0,0,0.0000,27 NOV 2018 00:00:00,INR
27NOV2018,0,NORMAL,21,OPTFUT,GOLD,27MAR2019,,34000.0000,CE,76.5000,0.0000,0.0000,0.0000,76.5000,0,0.00,0.0000,0.0000,GRMS,66.0000,0,0,0.0000,27 NOV 2018 00:00:00,INR
27NOV2018,0,NORMAL,21,OPTFUT,GOLD,27MAR2019,,34000.0000,PE,2124.5000,0.0000,0.0000,0.0000,2124.5000,0,0.00,0.0000,0.0000,GRMS,2114.5000,0,0,0.0000,27 NOV 2018 00:00:00,INR
27NOV2018,0,NORMAL,21,OPTFUT,GOLD,27MAR2019,,34100.0000,CE,67.5000,0.0000,0.0000,0.0000,67.5000,0,0.00,0.0000,0.0000,GRMS,58.0000,0,0,0.0000,27 NOV 2018 00:00:00,INR
27NOV2018,0,NORMAL,21,OPTFUT,GOLD,27MAR2019,,34100.0000,PE,2213.5000,0.0000,0.0000,0.0000,2213.5000,0,0.00,0.0000,0.0000,GRMS,2204.0000,0,0,0.0000,27 NOV 2018 00:00:00,INR
27NOV2018,0,NORMAL,21,OPTFUT,GOLD,27MAR2019,,34200.0000,CE,59.5000,0.0000,0.0000,0.0000,59.5000,0,0.00,0.0000,0.0000,GRMS,51.0000,0,0,0.0000,27 NOV 2018 00:00:00,INR
27NOV2018,0,NORMAL,21,OPTFUT,GOLD,27MAR2019,,34200.0000,PE,2303.0000,0.0000,0.0000,0.0000,2303.0000,0,0.00,0.0000,0.0000,GRMS,2294.5000,0,0,0.0000,27 NOV 2018 00:00:00,INR
27NOV2018,0,NORMAL,21,OPTFUT,GOLD,27MAR2019,,34300.0000,CE,52.5000,0.0000,0.0000,0.0000,52.5000,0,0.00,0.0000,0.0000,GRMS,44.5000,0,0,0.0000,27 NOV 2018 00:00:00,INR
27NOV2018,0,NORMAL,21,OPTFUT,GOLD,27MAR2019,,34300.0000,PE,2393.5000,0.0000,0.0000,0.0000,2393.5000,0,0.00,0.0000,0.0000,GRMS,2385.5000,0,0,0.0000,27 NOV 2018 00:00:00,INR
27NOV2018,0,NORMAL,21,OPTFUT,GOLD,27MAR2019,,34400.0000,CE,46.0000,0.0000,0.0000,0.0000,46.0000,0,0.00,0.0000,0.0000,GRMS,38.5000,0,0,0.0000,27 NOV 2018 00:00:00,INR
27NOV2018,0,NORMAL,21,OPTFUT,GOLD,27MAR2019,,34400.0000,PE,2484.5000,0.0000,0.0000,0.0000,2484.5000,0,0.00,0.0000,0.0000,GRMS,2477.5000,0,0,0.0000,27 NOV 2018 00:00:00,INR
27NOV2018,0,NORMAL,21,OPTFUT,GOLD,27MAR2019,,34500.0000,CE,40.0000,0.0000,0.0000,0.0000,40.0000,0,0.00,0.0000,0.0000,GRMS,33.5000,0,0,0.0000,27 NOV 2018 00:00:00,INR
27NOV2018,0,NORMAL,21,OPTFUT,GOLD,27MAR2019,,34500.0000,PE,2576.5000,0.0000,0.0000,0.0000,2576.5000,0,0.00,0.0000,0.0000,GRMS,2570.0000,0,0,0.0000,27 NOV 2018 00:00:00,INR
27NOV2018,0,NORMAL,21,OPTFUT,GOLD,27MAR2019,,29800.0000,CE,2111.0000,0.0000,0.0000,0.0000,2111.0000,0,0.00,0.0000,0.0000,GRMS,2103.0000,0,0,0.0000,27 NOV 2018 00:00:00,INR
27NOV2018,0,NORMAL,21,OPTFUT,GOLD,27MAR2019,,29800.0000,PE,59.0000,0.0000,0.0000,0.0000,59.0000,0,0.00,0.0000,0.0000,GRMS,50.5000,0,0,0.0000,27 NOV 2018 00:00:00,INR
27NOV2018,0,NORMAL,21,OPTFUT,GOLD,27MAR2019,,29700.0000,CE,2200.5000,0.0000,0.0000,0.0000,2200.5000,0,0.00,0.0000,0.0000,GRMS,2193.0000,0,0,0.0000,27 NOV 2018 00:00:00,INR
27NOV2018,0,NORMAL,21,OPTFUT,GOLD,27MAR2019,,29700.0000,PE,51.0000,0.0000,0.0000,0.0000,51.0000,0,0.00,0.0000,0.0000,GRMS,43.0000,0,0,0.0000,27 NOV 2018 00:00:00,INR
27NOV2018,0,NORMAL,21,OPTFUT,GOLD,27MAR2019,,29200.0000,CE,2660.0000,0.0000,0.0000,0.0000,2660.0000,0,0.00,0.0000,0.0000,GRMS,2656.5000,0,0,0.0000,27 NOV 2018 00:00:00,INR
27NOV2018,0,NORMAL,21,OPTFUT,GOLD,27MAR2019,,29200.0000,PE,22.5000,0.0000,0.0000,0.0000,22.5000,0,0.00,0.0000,0.0000,GRMS,18.0000,0,0,0.0000,27 NOV 2018 00:00:00,INR
27NOV2018,0,NORMAL,21,OPTFUT,GOLD,27MAR2019,,29300.0000,CE,2567.0000,0.0000,0.0000,0.0000,2567.0000,0,0.00,0.0000,0.0000,GRMS,2562.5000,0,0,0.0000,27 NOV 2018 00:00:00,INR
27NOV2018,0,NORMAL,21,OPTFUT,GOLD,27MAR2019,,29300.0000,PE,27.0000,0.0000,0.0000,0.0000,27.0000,0,0.00,0.0000,0.0000,GRMS,22.0000,0,0,0.0000,27 NOV 2018 00:00:00,INR
27NOV2018,0,NORMAL,21,OPTFUT,GOLD,27MAR2019,,29400.0000,CE,2474.0000,0.0000,0.0000,0.0000,2474.0000,0,0.00,0.0000,0.0000,GRMS,2469.0000,0,0,0.0000,27 NOV 2018 00:00:00,INR
27NOV2018,0,NORMAL,21,OPTFUT,GOLD,27MAR2019,,29400.0000,PE,31.5000,0.0000,0.0000,0.0000,31.5000,0,0.00,0.0000,0.0000,GRMS,26.0000,0,0,0.0000,27 NOV 2018 00:00:00,INR
27NOV2018,0,NORMAL,21,OPTFUT,GOLD,27MAR2019,,29500.0000,CE,2382.0000,0.0000,0.0000,0.0000,2382.0000,0,0.00,0.0000,0.0000,GRMS,2376.5000,0,0,0.0000,27 NOV 2018 00:00:00,INR
27NOV2018,0,NORMAL,21,OPTFUT,GOLD,27MAR2019,,29500.0000,PE,37.0000,0.0000,0.0000,0.0000,37.0000,0,0.00,0.0000,0.0000,GRMS,31.0000,0,0,0.0000,27 NOV 2018 00:00:00,INR
27NOV2018,0,NORMAL,21,OPTFUT,GOLD,27MAR2019,,29600.0000,CE,2291.0000,0.0000,0.0000,0.0000,2291.0000,0,0.00,0.0000,0.0000,GRMS,2284.5000,0,0,0.0000,27 NOV 2018 00:00:00,INR
27NOV2018,0,NORMAL,21,OPTFUT,GOLD,27MAR2019,,29600.0000,PE,43.5000,0.0000,0.0000,0.0000,43.5000,0,0.00,0.0000,0.0000,GRMS,36.5000,0,0,0.0000,27 NOV 2018 00:00:00,INR
27NOV2018,0,NORMAL,21,OPTFUT,GOLD,27MAR2019,,29100.0000,CE,2754.0000,0.0000,0.0000,0.0000,2754.0000,0,0.00,0.0000,0.0000,GRMS,2751.0000,0,0,0.0000,27 NOV 2018 00:00:00,INR
27NOV2018,0,NORMAL,21,OPTFUT,GOLD,27MAR2019,,29100.0000,PE,19.0000,0.0000,0.0000,0.0000,19.0000,0,0.00,0.0000,0.0000,GRMS,15.0000,0,0,0.0000,27 NOV 2018 00:00:00,INR
27NOV2018,0,NORMAL,21,OPTFUT,GOLD,27MAR2019,,29000.0000,CE,2848.5000,0.0000,0.0000,0.0000,2848.5000,0,0.00,0.0000,0.0000,GRMS,2846.0000,0,0,0.0000,27 NOV 2018 00:00:00,INR
27NOV2018,0,NORMAL,21,OPTFUT,GOLD,27MAR2019,,29000.0000,PE,16.0000,0.0000,0.0000,0.0000,16.0000,0,0.00,0.0000,0.0000,GRMS,12.5000,0,0,0.0000,27 NOV 2018 00:00:00,INR
27NOV2018,0,NORMAL,21,OPTFUT,GOLD,27MAR2019,,28900.0000,CE,2943.5000,0.0000,0.0000,0.0000,2943.5000,0,0.00,0.0000,0.0000,GRMS,2941.5000,0,0,0.0000,27 NOV 2018 00:00:00,INR
27NOV2018,0,NORMAL,21,OPTFUT,GOLD,27MAR2019,,28900.0000,PE,13.0000,0.0000,0.0000,0.0000,13.0000,0,0.00,0.0000,0.0000,GRMS,10.5000,0,0,0.0000,27 NOV 2018 00:00:00,INR
27NOV2018,0,NORMAL,21,OPTFUT,GOLD,27MAR2019,,28500.0000,CE,3327.0000,0.0000,0.0000,0.0000,3327.0000,0,0.00,0.0000,0.0000,GRMS,3326.0000,0,0,0.0000,27 NOV 2018 00:00:00,INR
27NOV2018,0,NORMAL,21,OPTFUT,GOLD,27MAR2019,,28500.0000,PE,6.0000,0.0000,0.0000,0.0000,6.0000,0,0.00,0.0000,0.0000,GRMS,4.5000,0,0,0.0000,27 NOV 2018 00:00:00,INR
27NOV2018,0,NORMAL,21,OPTFUT,GOLD,27MAR2019,,28600.0000,CE,3230.5000,0.0000,0.0000,0.0000,3230.5000,0,0.00,0.0000,0.0000,GRMS,3229.5000,0,0,0.0000,27 NOV 2018 00:00:00,INR
27NOV2018,0,NORMAL,21,OPTFUT,GOLD,27MAR2019,,28600.0000,PE,7.5000,0.0000,0.0000,0.0000,7.5000,0,0.00,0.0000,0.0000,GRMS,5.5000,0,0,0.0000,27 NOV 2018 00:00:00,INR
27NOV2018,0,NORMAL,21,OPTFUT,GOLD,27MAR2019,,28700.0000,CE,3134.5000,0.0000,0.0000,0.0000,3134.5000,0,0.00,0.0000,0.0000,GRMS,3133.0000,0,0,0.0000,27 NOV 2018 00:00:00,INR
27NOV2018,0,NORMAL,21,OPTFUT,GOLD,27MAR2019,,28700.0000,PE,9.0000,0.0000,0.0000,0.0000,9.0000,0,0.00,0.0000,0.0000,GRMS,7.0000,0,0,0.0000,27 NOV 2018 00:00:00,INR
27NOV2018,0,NORMAL,21,OPTFUT,GOLD,27MAR2019,,28800.0000,CE,3039.0000,0.0000,0.0000,0.0000,3039.0000,0,0.00,0.0000,0.0000,GRMS,3037.0000,0,0,0.0000,27 NOV 2018 00:00:00,INR
27NOV2018,0,NORMAL,21,OPTFUT,GOLD,27MAR2019,,28800.0000,PE,11.0000,0.0000,0.0000,0.0000,11.0000,0,0.00,0.0000,0.0000,GRMS,8.5000,0,0,0.0000,27 NOV 2018 00:00:00,INR
27NOV2018,0,NORMAL,21,OPTFUT,GOLD,29MAY2019,,30800.0000,CE,1074.5000,0.0000,0.0000,0.0000,1074.5000,0,0.00,0.0000,0.0000,GRMS,1059.5000,0,0,0.0000,27 NOV 2018 00:00:00,INR
27NOV2018,0,NORMAL,21,OPTFUT,GOLD,29MAY2019,,30800.0000,PE,234.0000,0.0000,0.0000,0.0000,234.0000,0,0.00,0.0000,0.0000,GRMS,219.0000,0,0,0.0000,27 NOV 2018 00:00:00,INR
27NOV2018,0,NORMAL,21,OPTFUT,GOLD,29MAY2019,,30900.0000,CE,1006.5000,0.0000,0.0000,0.0000,1006.5000,0,0.00,0.0000,0.0000,GRMS,991.0000,0,0,0.0000,27 NOV 2018 00:00:00,INR
27NOV2018,0,NORMAL,21,OPTFUT,GOLD,29MAY2019,,30900.0000,PE,262.0000,0.0000,0.0000,0.0000,262.0000,0,0.00,0.0000,0.0000,GRMS,246.5000,0,0,0.0000,27 NOV 2018 00:00:00,INR
27NOV2018,0,NORMAL,21,OPTFUT,GOLD,29MAY2019,,31000.0000,CE,940.5000,0.0000,0.0000,0.0000,940.5000,0,0.00,0.0000,0.0000,GRMS,924.5000,0,0,0.0000,27 NOV 2018 00:00:00,INR
27NOV2018,0,NORMAL,21,OPTFUT,GOLD,29MAY2019,,31000.0000,PE,292.5000,0.0000,0.0000,0.0000,292.5000,0,0.00,0.0000,0.0000,GRMS,276.5000,0,0,0.0000,27 NOV 2018 00:00:00,INR
27NOV2018,0,NORMAL,21,OPTFUT,GOLD,29MAY2019,,31100.0000,CE,877.0000,0.0000,0.0000,0.0000,877.0000,0,0.00,0.0000,0.0000,GRMS,860.5000,0,0,0.0000,27 NOV 2018 00:00:00,INR
27NOV2018,0,NORMAL,21,OPTFUT,GOLD,29MAY2019,,31100.0000,PE,325.5000,0.0000,0.0000,0.0000,325.5000,0,0.00,0.0000,0.0000,GRMS,309.0000,0,0,0.0000,27 NOV 2018 00:00:00,INR
27NOV2018,0,NORMAL,21,OPTFUT,GOLD,29MAY2019,,31200.0000,CE,816.0000,0.0000,0.0000,0.0000,816.0000,0,0.00,0.0000,0.0000,GRMS,799.0000,0,0,0.0000,27 NOV 2018 00:00:00,INR
27NOV2018,0,NORMAL,21,OPTFUT,GOLD,29MAY2019,,31200.0000,PE,361.0000,0.0000,0.0000,0.0000,361.0000,0,0.00,0.0000,0.0000,GRMS,344.0000,0,0,0.0000,27 NOV 2018 00:00:00,INR
27NOV2018,0,NORMAL,21,OPTFUT,GOLD,29MAY2019,,31300.0000,CE,758.0000,0.0000,0.0000,0.0000,758.0000,0,0.00,0.0000,0.0000,GRMS,740.5000,0,0,0.0000,27 NOV 2018 00:00:00,INR
27NOV2018,0,NORMAL,21,OPTFUT,GOLD,29MAY2019,,31300.0000,PE,399.5000,0.0000,0.0000,0.0000,399.5000,0,0.00,0.0000,0.0000,GRMS,382.0000,0,0,0.0000,27 NOV 2018 00:00:00,INR
27NOV2018,0,NORMAL,21,OPTFUT,GOLD,29MAY2019,,31400.0000,CE,702.0000,0.0000,0.0000,0.0000,702.0000,0,0.00,0.0000,0.0000,GRMS,684.5000,0,0,0.0000,27 NOV 2018 00:00:00,INR
27NOV2018,0,NORMAL,21,OPTFUT,GOLD,29MAY2019,,31400.0000,PE,440.0000,0.0000,0.0000,0.0000,440.0000,0,0.00,0.0000,0.0000,GRMS,422.0000,0,0,0.0000,27 NOV 2018 00:00:00,INR
27NOV2018,0,NORMAL,21,OPTFUT,GOLD,29MAY2019,,31500.0000,CE,649.0000,0.0000,0.0000,0.0000,649.0000,0,0.00,0.0000,0.0000,GRMS,631.0000,0,0,0.0000,27 NOV 2018 00:00:00,INR
27NOV2018,0,NORMAL,21,OPTFUT,GOLD,29MAY2019,,31500.0000,PE,483.0000,0.0000,0.0000,0.0000,483.0000,0,0.00,0.0000,0.0000,GRMS,465.0000,0,0,0.0000,27 NOV 2018 00:00:00,INR
27NOV2018,0,NORMAL,21,OPTFUT,GOLD,29MAY2019,,31600.0000,CE,598.5000,0.0000,0.0000,0.0000,598.5000,0,0.00,0.0000,0.0000,GRMS,580.5000,0,0,0.0000,27 NOV 2018 00:00:00,INR
27NOV2018,0,NORMAL,21,OPTFUT,GOLD,29MAY2019,,31600.0000,PE,529.0000,0.0000,0.0000,0.0000,529.0000,0,0.00,0.0000,0.0000,GRMS,511.0000,0,0,0.0000,27 NOV 2018 00:00:00,INR
27NOV2018,0,NORMAL,21,OPTFUT,GOLD,29MAY2019,,31700.0000,CE,550.5000,0.0000,0.0000,0.0000,550.5000,0,0.00,0.0000,0.0000,GRMS,532.5000,0,0,0.0000,27 NOV 2018 00:00:00,INR
27NOV2018,0,NORMAL,21,OPTFUT,GOLD,29MAY2019,,31700.0000,PE,577.5000,0.0000,0.0000,0.0000,577.5000,0,0.00,0.0000,0.0000,GRMS,559.5000,0,0,0.0000,27 NOV 2018 00:00:00,INR
27NOV2018,0,NORMAL,21,OPTFUT,GOLD,29MAY2019,,31800.0000,CE,505.5000,0.0000,0.0000,0.0000,505.5000,0,0.00,0.0000,0.0000,GRMS,487.0000,0,0,0.0000,27 NOV 2018 00:00:00,INR
27NOV2018,0,NORMAL,21,OPTFUT,GOLD,29MAY2019,,31800.0000,PE,628.5000,0.0000,0.0000,0.0000,628.5000,0,0.00,0.0000,0.0000,GRMS,610.5000,0,0,0.0000,27 NOV 2018 00:00:00,INR
27NOV2018,0,NORMAL,21,OPTFUT,GOLD,29MAY2019,,31900.0000,CE,462.5000,0.0000,0.0000,0.0000,462.5000,0,0.00,0.0000,0.0000,GRMS,444.5000,0,0,0.0000,27 NOV 2018 00:00:00,INR
27NOV2018,0,NORMAL,21,OPTFUT,GOLD,29MAY2019,,31900.0000,PE,682.5000,0.0000,0.0000,0.0000,682.5000,0,0.00,0.0000,0.0000,GRMS,664.5000,0,0,0.0000,27 NOV 2018 00:00:00,INR
27NOV2018,0,NORMAL,21,OPTFUT,GOLD,29MAY2019,,32000.0000,CE,422.5000,0.0000,0.0000,0.0000,422.5000,0,0.00,0.0000,0.0000,GRMS,404.5000,0,0,0.0000,27 NOV 2018 00:00:00,INR
27NOV2018,0,NORMAL,21,OPTFUT,GOLD,29MAY2019,,32000.0000,PE,738.5000,0.0000,0.0000,0.0000,738.5000,0,0.00,0.0000,0.0000,GRMS,721.0000,0,0,0.0000,27 NOV 2018 00:00:00,INR
27NOV2018,0,NORMAL,21,OPTFUT,GOLD,29MAY2019,,32100.0000,CE,385.0000,0.0000,0.0000,0.0000,385.0000,0,0.00,0.0000,0.0000,GRMS,367.5000,0,0,0.0000,27 NOV 2018 00:00:00,INR
27NOV2018,0,NORMAL,21,OPTFUT,GOLD,29MAY2019,,32100.0000,PE,797.5000,0.0000,0.0000,0.0000,797.5000,0,0.00,0.0000,0.0000,GRMS,780.0000,0,0,0.0000,27 NOV 2018 00:00:00,INR
27NOV2018,0,NORMAL,21,OPTFUT,GOLD,29MAY2019,,32200.0000,CE,350.0000,0.0000,0.0000,0.0000,350.0000,0,0.00,0.0000,0.0000,GRMS,332.5000,0,0,0.0000,27 NOV 2018 00:00:00,INR
27NOV2018,0,NORMAL,21,OPTFUT,GOLD,29MAY2019,,32200.0000,PE,859.0000,0.0000,0.0000,0.0000,859.0000,0,0.00,0.0000,0.0000,GRMS,841.5000,0,0,0.0000,27 NOV 2018 00:00:00,INR
27NOV2018,0,NORMAL,21,OPTFUT,GOLD,29MAY2019,,32300.0000,CE,317.0000,0.0000,0.0000,0.0000,317.0000,0,0.00,0.0000,0.0000,GRMS,300.5000,0,0,0.0000,27 NOV 2018 00:00:00,INR
27NOV2018,0,NORMAL,21,OPTFUT,GOLD,29MAY2019,,32300.0000,PE,922.5000,0.0000,0.0000,0.0000,922.5000,0,0.00,0.0000,0.0000,GRMS,906.0000,0,0,0.0000,27 NOV 2018 00:00:00,INR
27NOV2018,0,NORMAL,21,OPTFUT,GOLD,29MAY2019,,32400.0000,CE,286.5000,0.0000,0.0000,0.0000,286.5000,0,0.00,0.0000,0.0000,GRMS,270.5000,0,0,0.0000,27 NOV 2018 00:00:00,INR
27NOV2018,0,NORMAL,21,OPTFUT,GOLD,29MAY2019,,32400.0000,PE,988.5000,0.0000,0.0000,0.0000,988.5000,0,0.00,0.0000,0.0000,GRMS,972.5000,0,0,0.0000,27 NOV 2018 00:00:00,INR
27NOV2018,0,NORMAL,21,OPTFUT,GOLD,29MAY2019,,32500.0000,CE,258.5000,0.0000,0.0000,0.0000,258.5000,0,0.00,0.0000,0.0000,GRMS,243.0000,0,0,0.0000,27 NOV 2018 00:00:00,INR
27NOV2018,0,NORMAL,21,OPTFUT,GOLD,29MAY2019,,32500.0000,PE,1056.5000,0.0000,0.0000,0.0000,1056.5000,0,0.00,0.0000,0.0000,GRMS,1041.0000,0,0,0.0000,27 NOV 2018 00:00:00,INR
27NOV2018,0,NORMAL,21,OPTFUT,GOLD,29MAY2019,,32600.0000,CE,232.5000,0.0000,0.0000,0.0000,232.5000,0,0.00,0.0000,0.0000,GRMS,217.5000,0,0,0.0000,27 NOV 2018 00:00:00,INR
27NOV2018,0,NORMAL,21,OPTFUT,GOLD,29MAY2019,,32600.0000,PE,1127.0000,0.0000,0.0000,0.0000,1127.0000,0,0.00,0.0000,0.0000,GRMS,1112.0000,0,0,0.0000,27 NOV 2018 00:00:00,INR
27NOV2018,0,NORMAL,21,OPTFUT,GOLD,29MAY2019,,32700.0000,CE,208.5000,0.0000,0.0000,0.0000,208.5000,0,0.00,0.0000,0.0000,GRMS,194.0000,0,0,0.0000,27 NOV 2018 00:00:00,INR
27NOV2018,0,NORMAL,21,OPTFUT,GOLD,29MAY2019,,32700.0000,PE,1199.5000,0.0000,0.0000,0.0000,1199.5000,0,0.00,0.0000,0.0000,GRMS,1185.5000,0,0,0.0000,27 NOV 2018 00:00:00,INR
27NOV2018,0,NORMAL,21,OPTFUT,GOLD,29MAY2019,,32800.0000,CE,186.5000,0.0000,0.0000,0.0000,186.5000,0,0.00,0.0000,0.0000,GRMS,173.0000,0,0,0.0000,27 NOV 2018 00:00:00,INR
27NOV2018,0,NORMAL,21,OPTFUT,GOLD,29MAY2019,,32800.0000,PE,1274.0000,0.0000,0.0000,0.0000,1274.0000,0,0.00,0.0000,0.0000,GRMS,1260.5000,0,0,0.0000,27 NOV 2018 00:00:00,INR
27NOV2018,0,NORMAL,21,OPTFUT,GOLD,29MAY2019,,32900.0000,CE,166.5000,0.0000,0.0000,0.0000,166.5000,0,0.00,0.0000,0.0000,GRMS,153.5000,0,0,0.0000,27 NOV 2018 00:00:00,INR
27NOV2018,0,NORMAL,21,OPTFUT,GOLD,29MAY2019,,32900.0000,PE,1350.5000,0.0000,0.0000,0.0000,1350.5000,0,0.00,0.0000,0.0000,GRMS,1337.5000,0,0,0.0000,27 NOV 2018 00:00:00,INR
27NOV2018,0,NORMAL,21,OPTFUT,GOLD,29MAY2019,,33000.0000,CE,148.0000,0.0000,0.0000,0.0000,148.0000,0,0.00,0.0000,0.0000,GRMS,136.0000,0,0,0.0000,27 NOV 2018 00:00:00,INR
27NOV2018,0,NORMAL,21,OPTFUT,GOLD,29MAY2019,,33000.0000,PE,1428.5000,0.0000,0.0000,0.0000,1428.5000,0,0.00,0.0000,0.0000,GRMS,1416.5000,0,0,0.0000,27 NOV 2018 00:00:00,INR
27NOV2018,0,NORMAL,21,OPTFUT,GOLD,29MAY2019,,33100.0000,CE,131.5000,0.0000,0.0000,0.0000,131.5000,0,0.00,0.0000,0.0000,GRMS,120.0000,0,0,0.0000,27 NOV 2018 00:00:00,INR
27NOV2018,0,NORMAL,21,OPTFUT,GOLD,29MAY2019,,33100.0000,PE,1508.0000,0.0000,0.0000,0.0000,1508.0000,0,0.00,0.0000,0.0000,GRMS,1497.0000,0,0,0.0000,27 NOV 2018 00:00:00,INR
27NOV2018,0,NORMAL,21,OPTFUT,GOLD,29MAY2019,,33200.0000,CE,116.5000,0.0000,0.0000,0.0000,116.5000,0,0.00,0.0000,0.0000,GRMS,105.5000,0,0,0.0000,27 NOV 2018 00:00:00,INR
27NOV2018,0,NORMAL,21,OPTFUT,GOLD,29MAY2019,,33200.0000,PE,1589.5000,0.0000,0.0000,0.0000,1589.5000,0,0.00,0.0000,0.0000,GRMS,1579.0000,0,0,0.0000,27 NOV 2018 00:00:00,INR
27NOV2018,0,NORMAL,21,OPTFUT,GOLD,29MAY2019,,33300.0000,CE,103.0000,0.0000,0.0000,0.0000,103.0000,0,0.00,0.0000,0.0000,GRMS,92.5000,0,0,0.0000,27 NOV 2018 00:00:00,INR
27NOV2018,0,NORMAL,21,OPTFUT,GOLD,29MAY2019,,33300.0000,PE,1672.0000,0.0000,0.0000,0.0000,1672.0000,0,0.00,0.0000,0.0000,GRMS,1662.5000,0,0,0.0000,27 NOV 2018 00:00:00,INR
27NOV2018,0,NORMAL,21,OPTFUT,GOLD,29MAY2019,,33400.0000,CE,90.5000,0.0000,0.0000,0.0000,90.5000,0,0.00,0.0000,0.0000,GRMS,81.0000,0,0,0.0000,27 NOV 2018 00:00:00,INR
27NOV2018,0,NORMAL,21,OPTFUT,GOLD,29MAY2019,,33400.0000,PE,1756.5000,0.0000,0.0000,0.0000,1756.5000,0,0.00,0.0000,0.0000,GRMS,1747.0000,0,0,0.0000,27 NOV 2018 00:00:00,INR
27NOV2018,0,NORMAL,21,OPTFUT,GOLD,29MAY2019,,33500.0000,CE,79.5000,0.0000,0.0000,0.0000,79.5000,0,0.00,0.0000,0.0000,GRMS,70.5000,0,0,0.0000,27 NOV 2018 00:00:00,INR
27NOV2018,0,NORMAL,21,OPTFUT,GOLD,29MAY2019,,33500.0000,PE,1841.5000,0.0000,0.0000,0.0000,1841.5000,0,0.00,0.0000,0.0000,GRMS,1833.5000,0,0,0.0000,27 NOV 2018 00:00:00,INR
27NOV2018,0,NORMAL,21,OPTFUT,GOLD,29MAY2019,,33600.0000,CE,69.5000,0.0000,0.0000,0.0000,69.5000,0,0.00,0.0000,0.0000,GRMS,61.5000,0,0,0.0000,27 NOV 2018 00:00:00,INR
27NOV2018,0,NORMAL,21,OPTFUT,GOLD,29MAY2019,,33600.0000,PE,1928.0000,0.0000,0.0000,0.0000,1928.0000,0,0.00,0.0000,0.0000,GRMS,1920.5000,0,0,0.0000,27 NOV 2018 00:00:00,INR
27NOV2018,0,NORMAL,21,OPTFUT,GOLD,29MAY2019,,33700.0000,CE,61.0000,0.0000,0.0000,0.0000,61.0000,0,0.00,0.0000,0.0000,GRMS,53.5000,0,0,0.0000,27 NOV 2018 00:00:00,INR
27NOV2018,0,NORMAL,21,OPTFUT,GOLD,29MAY2019,,33700.0000,PE,2016.0000,0.0000,0.0000,0.0000,2016.0000,0,0.00,0.0000,0.0000,GRMS,2009.0000,0,0,0.0000,27 NOV 2018 00:00:00,INR
27NOV2018,0,NORMAL,21,OPTFUT,GOLD,29MAY2019,,33800.0000,CE,53.0000,0.0000,0.0000,0.0000,53.0000,0,0.00,0.0000,0.0000,GRMS,46.0000,0,0,0.0000,27 NOV 2018 00:00:00,INR
27NOV2018,0,NORMAL,21,OPTFUT,GOLD,29MAY2019,,33800.0000,PE,2104.5000,0.0000,0.0000,0.0000,2104.5000,0,0.00,0.0000,0.0000,GRMS,2098.0000,0,0,0.0000,27 NOV 2018 00:00:00,INR
27NOV2018,0,NORMAL,21,OPTFUT,GOLD,29MAY2019,,33900.0000,CE,46.0000,0.0000,0.0000,0.0000,46.0000,0,0.00,0.0000,0.0000,GRMS,40.0000,0,0,0.0000,27 NOV 2018 00:00:00,INR
27NOV2018,0,NORMAL,21,OPTFUT,GOLD,29MAY2019,,33900.0000,PE,2194.0000,0.0000,0.0000,0.0000,2194.0000,0,0.00,0.0000,0.0000,GRMS,2188.0000,0,0,0.0000,27 NOV 2018 00:00:00,INR
27NOV2018,0,NORMAL,21,OPTFUT,GOLD,29MAY2019,,34000.0000,CE,40.0000,0.0000,0.0000,0.0000,40.0000,0,0.00,0.0000,0.0000,GRMS,34.0000,0,0,0.0000,27 NOV 2018 00:00:00,INR
27NOV2018,0,NORMAL,21,OPTFUT,GOLD,29MAY2019,,34000.0000,PE,2284.0000,0.0000,0.0000,0.0000,2284.0000,0,0.00,0.0000,0.0000,GRMS,2279.0000,0,0,0.0000,27 NOV 2018 00:00:00,INR
27NOV2018,0,NORMAL,21,OPTFUT,GOLD,29MAY2019,,34100.0000,CE,34.5000,0.0000,0.0000,0.0000,34.5000,0,0.00,0.0000,0.0000,GRMS,29.5000,0,0,0.0000,27 NOV 2018 00:00:00,INR
27NOV2018,0,NORMAL,21,OPTFUT,GOLD,29MAY2019,,34100.0000,PE,2375.0000,0.0000,0.0000,0.0000,2375.0000,0,0.00,0.0000,0.0000,GRMS,2370.5000,0,0,0.0000,27 NOV 2018 00:00:00,INR
27NOV2018,0,NORMAL,21,OPTFUT,GOLD,29MAY2019,,30600.0000,CE,1217.5000,0.0000,0.0000,0.0000,1217.5000,0,0.00,0.0000,0.0000,GRMS,1204.0000,0,0,0.0000,27 NOV 2018 00:00:00,INR
27NOV2018,0,NORMAL,21,OPTFUT,GOLD,29MAY2019,,30600.0000,PE,184.0000,0.0000,0.0000,0.0000,184.0000,0,0.00,0.0000,0.0000,GRMS,170.5000,0,0,0.0000,27 NOV 2018 00:00:00,INR
27NOV2018,0,NORMAL,21,OPTFUT,GOLD,29MAY2019,,30700.0000,CE,1145.0000,0.0000,0.0000,0.0000,1145.0000,0,0.00,0.0000,0.0000,GRMS,1131.0000,0,0,0.0000,27 NOV 2018 00:00:00,INR
27NOV2018,0,NORMAL,21,OPTFUT,GOLD,29MAY2019,,30700.0000,PE,208.0000,0.0000,0.0000,0.0000,208.0000,0,0.00,0.0000,0.0000,GRMS,193.5000,0,0,0.0000,27 NOV 2018 00:00:00,INR
27NOV2018,0,NORMAL,21,OPTFUT,GOLD,29MAY2019,,30500.0000,CE,1292.0000,0.0000,0.0000,0.0000,1292.0000,0,0.00,0.0000,0.0000,GRMS,1280.0000,0,0,0.0000,27 NOV 2018 00:00:00,INR
27NOV2018,0,NORMAL,21,OPTFUT,GOLD,29MAY2019,,30500.0000,PE,162.5000,0.0000,0.0000,0.0000,162.5000,0,0.00,0.0000,0.0000,GRMS,149.5000,0,0,0.0000,27 NOV 2018 00:00:00,INR
27NOV2018,0,NORMAL,21,OPTFUT,GOLD,29MAY2019,,30300.0000,CE,1447.5000,0.0000,0.0000,0.0000,1447.5000,0,0.00,0.0000,0.0000,GRMS,1436.5000,0,0,0.0000,27 NOV 2018 00:00:00,INR
27NOV2018,0,NORMAL,21,OPTFUT,GOLD,29MAY2019,,30300.0000,PE,125.0000,0.0000,0.0000,0.0000,125.0000,0,0.00,0.0000,0.0000,GRMS,114.0000,0,0,0.0000,27 NOV 2018 00:00:00,INR
27NOV2018,0,NORMAL,21,OPTFUT,GOLD,29MAY2019,,30400.0000,CE,1369.0000,0.0000,0.0000,0.0000,1369.0000,0,0.00,0.0000,0.0000,GRMS,1357.5000,0,0,0.0000,27 NOV 2018 00:00:00,INR
27NOV2018,0,NORMAL,21,OPTFUT,GOLD,29MAY2019,,30400.0000,PE,142.5000,0.0000,0.0000,0.0000,142.5000,0,0.00,0.0000,0.0000,GRMS,131.0000,0,0,0.0000,27 NOV 2018 00:00:00,INR
27NOV2018,0,NORMAL,21,OPTFUT,GOLD,29MAY2019,,30200.0000,CE,1528.0000,0.0000,0.0000,0.0000,1528.0000,0,0.00,0.0000,0.0000,GRMS,1518.0000,0,0,0.0000,27 NOV 2018 00:00:00,INR
27NOV2018,0,NORMAL,21,OPTFUT,GOLD,29MAY2019,,30200.0000,PE,109.0000,0.0000,0.0000,0.0000,109.0000,0,0.00,0.0000,0.0000,GRMS,98.5000,0,0,0.0000,27 NOV 2018 00:00:00,INR
27NOV2018,0,NORMAL,21,OPTFUT,GOLD,29MAY2019,,30000.0000,CE,1693.5000,0.0000,0.0000,0.0000,1693.5000,0,0.00,0.0000,0.0000,GRMS,1685.0000,0,0,0.0000,27 NOV 2018 00:00:00,INR
27NOV2018,0,NORMAL,21,OPTFUT,GOLD,29MAY2019,,30000.0000,PE,81.5000,0.0000,0.0000,0.0000,81.5000,0,0.00,0.0000,0.0000,GRMS,73.0000,0,0,0.0000,27 NOV 2018 00:00:00,INR
27NOV2018,0,NORMAL,21,OPTFUT,GOLD,29MAY2019,,30100.0000,CE,1610.0000,0.0000,0.0000,0.0000,1610.0000,0,0.00,0.0000,0.0000,GRMS,1600.5000,0,0,0.0000,27 NOV 2018 00:00:00,INR
27NOV2018,0,NORMAL,21,OPTFUT,GOLD,29MAY2019,,30100.0000,PE,94.5000,0.0000,0.0000,0.0000,94.5000,0,0.00,0.0000,0.0000,GRMS,85.0000,0,0,0.0000,27 NOV 2018 00:00:00,INR
27NOV2018,0,NORMAL,21,OPTFUT,GOLD,29MAY2019,,29400.0000,CE,2221.5000,0.0000,0.0000,0.0000,2221.5000,0,0.00,0.0000,0.0000,GRMS,2217.0000,0,0,0.0000,27 NOV 2018 00:00:00,INR
27NOV2018,0,NORMAL,21,OPTFUT,GOLD,29MAY2019,,29400.0000,PE,31.0000,0.0000,0.0000,0.0000,31.0000,0,0.00,0.0000,0.0000,GRMS,26.5000,0,0,0.0000,27 NOV 2018 00:00:00,INR
27NOV2018,0,NORMAL,21,OPTFUT,GOLD,29MAY2019,,29500.0000,CE,2130.5000,0.0000,0.0000,0.0000,2130.5000,0,0.00,0.0000,0.0000,GRMS,2126.0000,0,0,0.0000,27 NOV 2018 00:00:00,INR
27NOV2018,0,NORMAL,21,OPTFUT,GOLD,29MAY2019,,29500.0000,PE,37.0000,0.0000,0.0000,0.0000,37.0000,0,0.00,0.0000,0.0000,GRMS,31.5000,0,0,0.0000,27 NOV 2018 00:00:00,INR
27NOV2018,0,NORMAL,21,OPTFUT,GOLD,29MAY2019,,29600.0000,CE,2041.0000,0.0000,0.0000,0.0000,2041.0000,0,0.00,0.0000,0.0000,GRMS,2035.5000,0,0,0.0000,27 NOV 2018 00:00:00,INR
27NOV2018,0,NORMAL,21,OPTFUT,GOLD,29MAY2019,,29600.0000,PE,43.5000,0.0000,0.0000,0.0000,43.5000,0,0.00,0.0000,0.0000,GRMS,38.0000,0,0,0.0000,27 NOV 2018 00:00:00,INR
27NOV2018,0,NORMAL,21,OPTFUT,GOLD,29MAY2019,,29700.0000,CE,1952.5000,0.0000,0.0000,0.0000,1952.5000,0,0.00,0.0000,0.0000,GRMS,1946.5000,0,0,0.0000,27 NOV 2018 00:00:00,INR
27NOV2018,0,NORMAL,21,OPTFUT,GOLD,29MAY2019,,29700.0000,PE,51.5000,0.0000,0.0000,0.0000,51.5000,0,0.00,0.0000,0.0000,GRMS,45.0000,0,0,0.0000,27 NOV 2018 00:00:00,INR
27NOV2018,0,NORMAL,21,OPTFUT,GOLD,29MAY2019,,29800.0000,CE,1865.0000,0.0000,0.0000,0.0000,1865.0000,0,0.00,0.0000,0.0000,GRMS,1858.0000,0,0,0.0000,27 NOV 2018 00:00:00,INR
27NOV2018,0,NORMAL,21,OPTFUT,GOLD,29MAY2019,,29800.0000,PE,60.5000,0.0000,0.0000,0.0000,60.5000,0,0.00,0.0000,0.0000,GRMS,53.0000,0,0,0.0000,27 NOV 2018 00:00:00,INR
27NOV2018,0,NORMAL,21,OPTFUT,GOLD,29MAY2019,,29900.0000,CE,1778.5000,0.0000,0.0000,0.0000,1778.5000,0,0.00,0.0000,0.0000,GRMS,1771.0000,0,0,0.0000,27 NOV 2018 00:00:00,INR
27NOV2018,0,NORMAL,21,OPTFUT,GOLD,29MAY2019,,29900.0000,PE,70.5000,0.0000,0.0000,0.0000,70.5000,0,0.00,0.0000,0.0000,GRMS,62.5000,0,0,0.0000,27 NOV 2018 00:00:00,INR
27NOV2018,0,NORMAL,21,OPTFUT,GOLD,29MAY2019,,29200.0000,CE,2404.5000,0.0000,0.0000,0.0000,2404.5000,0,0.00,0.0000,0.0000,GRMS,2401.5000,0,0,0.0000,27 NOV 2018 00:00:00,INR
27NOV2018,0,NORMAL,21,OPTFUT,GOLD,29MAY2019,,29200.0000,PE,21.5000,0.0000,0.0000,0.0000,21.5000,0,0.00,0.0000,0.0000,GRMS,18.0000,0,0,0.0000,27 NOV 2018 00:00:00,INR
27NOV2018,0,NORMAL,21,OPTFUT,GOLD,29MAY2019,,29300.0000,CE,2312.5000,0.0000,0.0000,0.0000,2312.5000,0,0.00,0.0000,0.0000,GRMS,2309.0000,0,0,0.0000,27 NOV 2018 00:00:00,INR
27NOV2018,0,NORMAL,21,OPTFUT,GOLD,29MAY2019,,29300.0000,PE,26.0000,0.0000,0.0000,0.0000,26.0000,0,0.00,0.0000,0.0000,GRMS,22.0000,0,0,0.0000,27 NOV 2018 00:00:00,INR
27NOV2018,0,NORMAL,21,OPTFUT,GOLD,29MAY2019,,29100.0000,CE,2497.5000,0.0000,0.0000,0.0000,2497.5000,0,0.00,0.0000,0.0000,GRMS,2495.0000,0,0,0.0000,27 NOV 2018 00:00:00,INR
27NOV2018,0,NORMAL,21,OPTFUT,GOLD,29MAY2019,,29100.0000,PE,18.0000,0.0000,0.0000,0.0000,18.0000,0,0.00,0.0000,0.0000,GRMS,15.0000,0,0,0.0000,27 NOV 2018 00:00:00,INR
27NOV2018,0,NORMAL,21,OPTFUT,GOLD,29MAY2019,,28600.0000,CE,2968.0000,0.0000,0.0000,0.0000,2968.0000,0,0.00,0.0000,0.0000,GRMS,2967.0000,0,0,0.0000,27 NOV 2018 00:00:00,INR
27NOV2018,0,NORMAL,21,OPTFUT,GOLD,29MAY2019,,28600.0000,PE,6.5000,0.0000,0.0000,0.0000,6.5000,0,0.00,0.0000,0.0000,GRMS,5.0000,0,0,0.0000,27 NOV 2018 00:00:00,INR
27NOV2018,0,NORMAL,21,OPTFUT,GOLD,29MAY2019,,28700.0000,CE,2873.0000,0.0000,0.0000,0.0000,2873.0000,0,0.00,0.0000,0.0000,GRMS,2872.0000,0,0,0.0000,27 NOV 2018 00:00:00,INR
27NOV2018,0,NORMAL,21,OPTFUT,GOLD,29MAY2019,,28700.0000,PE,8.0000,0.0000,0.0000,0.0000,8.0000,0,0.00,0.0000,0.0000,GRMS,6.5000,0,0,0.0000,27 NOV 2018 00:00:00,INR
27NOV2018,0,NORMAL,21,OPTFUT,GOLD,29MAY2019,,28800.0000,CE,2778.5000,0.0000,0.0000,0.0000,2778.5000,0,0.00,0.0000,0.0000,GRMS,2777.0000,0,0,0.0000,27 NOV 2018 00:00:00,INR
27NOV2018,0,NORMAL,21,OPTFUT,GOLD,29MAY2019,,28800.0000,PE,10.0000,0.0000,0.0000,0.0000,10.0000,0,0.00,0.0000,0.0000,GRMS,8.0000,0,0,0.0000,27 NOV 2018 00:00:00,INR
27NOV2018,0,NORMAL,21,OPTFUT,GOLD,29MAY2019,,28900.0000,CE,2684.5000,0.0000,0.0000,0.0000,2684.5000,0,0.00,0.0000,0.0000,GRMS,2682.5000,0,0,0.0000,27 NOV 2018 00:00:00,INR
27NOV2018,0,NORMAL,21,OPTFUT,GOLD,29MAY2019,,28900.0000,PE,12.0000,0.0000,0.0000,0.0000,12.0000,0,0.00,0.0000,0.0000,GRMS,10.0000,0,0,0.0000,27 NOV 2018 00:00:00,INR
27NOV2018,0,NORMAL,21,OPTFUT,GOLD,29MAY2019,,29000.0000,CE,2590.5000,0.0000,0.0000,0.0000,2590.5000,0,0.00,0.0000,0.0000,GRMS,2588.5000,0,0,0.0000,27 NOV 2018 00:00:00,INR
27NOV2018,0,NORMAL,21,OPTFUT,GOLD,29MAY2019,,29000.0000,PE,15.0000,0.0000,0.0000,0.0000,15.0000,0,0.00,0.0000,0.0000,GRMS,12.0000,0,0,0.0000,27 NOV 2018 00:00:00,INR
27NOV2018,0,NORMAL,21,OPTFUT,GOLD,29JUL2019,,29400.0000,CE,2498.5000,0.0000,0.0000,0.0000,2498.5000,0,0.00,0.0000,0.0000,GRMS,2493.0000,0,0,0.0000,27 NOV 2018 00:00:00,INR
27NOV2018,0,NORMAL,21,OPTFUT,GOLD,29JUL2019,,29400.0000,PE,50.0000,0.0000,0.0000,0.0000,50.0000,0,0.00,0.0000,0.0000,GRMS,44.0000,0,0,0.0000,27 NOV 2018 00:00:00,INR
27NOV2018,0,NORMAL,21,OPTFUT,GOLD,29JUL2019,,29500.0000,CE,2410.5000,0.0000,0.0000,0.0000,2410.5000,0,0.00,0.0000,0.0000,GRMS,2404.5000,0,0,0.0000,27 NOV 2018 00:00:00,INR
27NOV2018,0,NORMAL,21,OPTFUT,GOLD,29JUL2019,,29500.0000,PE,57.5000,0.0000,0.0000,0.0000,57.5000,0,0.00,0.0000,0.0000,GRMS,50.5000,0,0,0.0000,27 NOV 2018 00:00:00,INR
27NOV2018,0,NORMAL,21,OPTFUT,GOLD,29JUL2019,,29600.0000,CE,2323.5000,0.0000,0.0000,0.0000,2323.5000,0,0.00,0.0000,0.0000,GRMS,2317.0000,0,0,0.0000,27 NOV 2018 00:00:00,INR
27NOV2018,0,NORMAL,21,OPTFUT,GOLD,29JUL2019,,29600.0000,PE,65.5000,0.0000,0.0000,0.0000,65.5000,0,0.00,0.0000,0.0000,GRMS,58.5000,0,0,0.0000,27 NOV 2018 00:00:00,INR
27NOV2018,0,NORMAL,21,OPTFUT,GOLD,29JUL2019,,29700.0000,CE,2237.5000,0.0000,0.0000,0.0000,2237.5000,0,0.00,0.0000,0.0000,GRMS,2230.0000,0,0,0.0000,27 NOV 2018 00:00:00,INR
27NOV2018,0,NORMAL,21,OPTFUT,GOLD,29JUL2019,,29700.0000,PE,74.5000,0.0000,0.0000,0.0000,74.5000,0,0.00,0.0000,0.0000,GRMS,67.0000,0,0,0.0000,27 NOV 2018 00:00:00,INR
27NOV2018,0,NORMAL,21,OPTFUT,GOLD,29JUL2019,,29800.0000,CE,2152.5000,0.0000,0.0000,0.0000,2152.5000,0,0.00,0.0000,0.0000,GRMS,2144.5000,0,0,0.0000,27 NOV 2018 00:00:00,INR
27NOV2018,0,NORMAL,21,OPTFUT,GOLD,29JUL2019,,29800.0000,PE,85.0000,0.0000,0.0000,0.0000,85.0000,0,0.00,0.0000,0.0000,GRMS,76.5000,0,0,0.0000,27 NOV 2018 00:00:00,INR
27NOV2018,0,NORMAL,21,OPTFUT,GOLD,29JUL2019,,29900.0000,CE,2068.5000,0.0000,0.0000,0.0000,2068.5000,0,0.00,0.0000,0.0000,GRMS,2059.5000,0,0,0.0000,27 NOV 2018 00:00:00,INR
27NOV2018,0,NORMAL,21,OPTFUT,GOLD,29JUL2019,,29900.0000,PE,96.0000,0.0000,0.0000,0.0000,96.0000,0,0.00,0.0000,0.0000,GRMS,87.0000,0,0,0.0000,27 NOV 2018 00:00:00,INR
27NOV2018,0,NORMAL,21,OPTFUT,GOLD,29JUL2019,,30000.0000,CE,1985.5000,0.0000,0.0000,0.0000,1985.5000,0,0.00,0.0000,0.0000,GRMS,1976.0000,0,0,0.0000,27 NOV 2018 00:00:00,INR
27NOV2018,0,NORMAL,21,OPTFUT,GOLD,29JUL2019,,30000.0000,PE,108.5000,0.0000,0.0000,0.0000,108.5000,0,0.00,0.0000,0.0000,GRMS,98.5000,0,0,0.0000,27 NOV 2018 00:00:00,INR
27NOV2018,0,NORMAL,21,OPTFUT,GOLD,29JUL2019,,30100.0000,CE,1904.0000,0.0000,0.0000,0.0000,1904.0000,0,0.00,0.0000,0.0000,GRMS,1893.5000,0,0,0.0000,27 NOV 2018 00:00:00,INR
27NOV2018,0,NORMAL,21,OPTFUT,GOLD,29JUL2019,,30100.0000,PE,122.0000,0.0000,0.0000,0.0000,122.0000,0,0.00,0.0000,0.0000,GRMS,111.5000,0,0,0.0000,27 NOV 2018 00:00:00,INR
27NOV2018,0,NORMAL,21,OPTFUT,GOLD,29JUL2019,,30200.0000,CE,1823.5000,0.0000,0.0000,0.0000,1823.5000,0,0.00,0.0000,0.0000,GRMS,1812.5000,0,0,0.0000,27 NOV 2018 00:00:00,INR
27NOV2018,0,NORMAL,21,OPTFUT,GOLD,29JUL2019,,30200.0000,PE,137.0000,0.0000,0.0000,0.0000,137.0000,0,0.00,0.0000,0.0000,GRMS,125.5000,0,0,0.0000,27 NOV 2018 00:00:00,INR
27NOV2018,0,NORMAL,21,OPTFUT,GOLD,29JUL2019,,30300.0000,CE,1744.5000,0.0000,0.0000,0.0000,1744.5000,0,0.00,0.0000,0.0000,GRMS,1733.0000,0,0,0.0000,27 NOV 2018 00:00:00,INR
27NOV2018,0,NORMAL,21,OPTFUT,GOLD,29JUL2019,,30300.0000,PE,153.0000,0.0000,0.0000,0.0000,153.0000,0,0.00,0.0000,0.0000,GRMS,141.0000,0,0,0.0000,27 NOV 2018 00:00:00,INR
27NOV2018,0,NORMAL,21,OPTFUT,GOLD,29JUL2019,,30400.0000,CE,1667.0000,0.0000,0.0000,0.0000,1667.0000,0,0.00,0.0000,0.0000,GRMS,1654.5000,0,0,0.0000,27 NOV 2018 00:00:00,INR
27NOV2018,0,NORMAL,21,OPTFUT,GOLD,29JUL2019,,30400.0000,PE,170.5000,0.0000,0.0000,0.0000,170.5000,0,0.00,0.0000,0.0000,GRMS,158.0000,0,0,0.0000,27 NOV 2018 00:00:00,INR
27NOV2018,0,NORMAL,21,OPTFUT,GOLD,29JUL2019,,30500.0000,CE,1591.0000,0.0000,0.0000,0.0000,1591.0000,0,0.00,0.0000,0.0000,GRMS,1578.0000,0,0,0.0000,27 NOV 2018 00:00:00,INR
27NOV2018,0,NORMAL,21,OPTFUT,GOLD,29JUL2019,,30500.0000,PE,190.0000,0.0000,0.0000,0.0000,190.0000,0,0.00,0.0000,0.0000,GRMS,176.5000,0,0,0.0000,27 NOV 2018 00:00:00,INR
27NOV2018,0,NORMAL,21,OPTFUT,GOLD,29JUL2019,,30600.0000,CE,1516.5000,0.0000,0.0000,0.0000,1516.5000,0,0.00,0.0000,0.0000,GRMS,1502.5000,0,0,0.0000,27 NOV 2018 00:00:00,INR
27NOV2018,0,NORMAL,21,OPTFUT,GOLD,29JUL2019,,30600.0000,PE,211.0000,0.0000,0.0000,0.0000,211.0000,0,0.00,0.0000,0.0000,GRMS,196.5000,0,0,0.0000,27 NOV 2018 00:00:00,INR
27NOV2018,0,NORMAL,21,OPTFUT,GOLD,29JUL2019,,30700.0000,CE,1443.5000,0.0000,0.0000,0.0000,1443.5000,0,0.00,0.0000,0.0000,GRMS,1429.5000,0,0,0.0000,27 NOV 2018 00:00:00,INR
27NOV2018,0,NORMAL,21,OPTFUT,GOLD,29JUL2019,,30700.0000,PE,233.5000,0.0000,0.0000,0.0000,233.5000,0,0.00,0.0000,0.0000,GRMS,218.5000,0,0,0.0000,27 NOV 2018 00:00:00,INR
27NOV2018,0,NORMAL,21,OPTFUT,GOLD,29JUL2019,,30800.0000,CE,1372.5000,0.0000,0.0000,0.0000,1372.5000,0,0.00,0.0000,0.0000,GRMS,1357.5000,0,0,0.0000,27 NOV 2018 00:00:00,INR
27NOV2018,0,NORMAL,21,OPTFUT,GOLD,29JUL2019,,30800.0000,PE,257.5000,0.0000,0.0000,0.0000,257.5000,0,0.00,0.0000,0.0000,GRMS,242.0000,0,0,0.0000,27 NOV 2018 00:00:00,INR
27NOV2018,0,NORMAL,21,OPTFUT,GOLD,29JUL2019,,30900.0000,CE,1303.5000,0.0000,0.0000,0.0000,1303.5000,0,0.00,0.0000,0.0000,GRMS,1287.5000,0,0,0.0000,27 NOV 2018 00:00:00,INR
27NOV2018,0,NORMAL,21,OPTFUT,GOLD,29JUL2019,,30900.0000,PE,283.5000,0.0000,0.0000,0.0000,283.5000,0,0.00,0.0000,0.0000,GRMS,267.5000,0,0,0.0000,27 NOV 2018 00:00:00,INR
27NOV2018,0,NORMAL,21,OPTFUT,GOLD,29JUL2019,,31000.0000,CE,1236.0000,0.0000,0.0000,0.0000,1236.0000,0,0.00,0.0000,0.0000,GRMS,1219.5000,0,0,0.0000,27 NOV 2018 00:00:00,INR
27NOV2018,0,NORMAL,21,OPTFUT,GOLD,29JUL2019,,31000.0000,PE,311.5000,0.0000,0.0000,0.0000,311.5000,0,0.00,0.0000,0.0000,GRMS,295.0000,0,0,0.0000,27 NOV 2018 00:00:00,INR
27NOV2018,0,NORMAL,21,OPTFUT,GOLD,29JUL2019,,31100.0000,CE,1170.5000,0.0000,0.0000,0.0000,1170.5000,0,0.00,0.0000,0.0000,GRMS,1153.5000,0,0,0.0000,27 NOV 2018 00:00:00,INR
27NOV2018,0,NORMAL,21,OPTFUT,GOLD,29JUL2019,,31100.0000,PE,341.0000,0.0000,0.0000,0.0000,341.0000,0,0.00,0.0000,0.0000,GRMS,324.0000,0,0,0.0000,27 NOV 2018 00:00:00,INR
27NOV2018,0,NORMAL,21,OPTFUT,GOLD,29JUL2019,,31200.0000,CE,1107.0000,0.0000,0.0000,0.0000,1107.0000,0,0.00,0.0000,0.0000,GRMS,1089.5000,0,0,0.0000,27 NOV 2018 00:00:00,INR
27NOV2018,0,NORMAL,21,OPTFUT,GOLD,29JUL2019,,31200.0000,PE,372.5000,0.0000,0.0000,0.0000,372.5000,0,0.00,0.0000,0.0000,GRMS,355.0000,0,0,0.0000,27 NOV 2018 00:00:00,INR
27NOV2018,0,NORMAL,21,OPTFUT,GOLD,29JUL2019,,31300.0000,CE,1045.5000,0.0000,0.0000,0.0000,1045.5000,0,0.00,0.0000,0.0000,GRMS,1027.5000,0,0,0.0000,27 NOV 2018 00:00:00,INR
27NOV2018,0,NORMAL,21,OPTFUT,GOLD,29JUL2019,,31300.0000,PE,406.5000,0.0000,0.0000,0.0000,406.5000,0,0.00,0.0000,0.0000,GRMS,388.5000,0,0,0.0000,27 NOV 2018 00:00:00,INR
27NOV2018,0,NORMAL,21,OPTFUT,GOLD,29JUL2019,,31400.0000,CE,986.0000,0.0000,0.0000,0.0000,986.0000,0,0.00,0.0000,0.0000,GRMS,967.5000,0,0,0.0000,27 NOV 2018 00:00:00,INR
27NOV2018,0,NORMAL,21,OPTFUT,GOLD,29JUL2019,,31400.0000,PE,442.0000,0.0000,0.0000,0.0000,442.0000,0,0.00,0.0000,0.0000,GRMS,424.0000,0,0,0.0000,27 NOV 2018 00:00:00,INR
27NOV2018,0,NORMAL,21,OPTFUT,GOLD,29JUL2019,,31500.0000,CE,928.5000,0.0000,0.0000,0.0000,928.5000,0,0.00,0.0000,0.0000,GRMS,910.0000,0,0,0.0000,27 NOV 2018 00:00:00,INR
27NOV2018,0,NORMAL,21,OPTFUT,GOLD,29JUL2019,,31500.0000,PE,480.0000,0.0000,0.0000,0.0000,480.0000,0,0.00,0.0000,0.0000,GRMS,461.0000,0,0,0.0000,27 NOV 2018 00:00:00,INR
27NOV2018,0,NORMAL,21,OPTFUT,GOLD,29JUL2019,,31600.0000,CE,873.0000,0.0000,0.0000,0.0000,873.0000,0,0.00,0.0000,0.0000,GRMS,854.0000,0,0,0.0000,27 NOV 2018 00:00:00,INR
27NOV2018,0,NORMAL,21,OPTFUT,GOLD,29JUL2019,,31600.0000,PE,519.5000,0.0000,0.0000,0.0000,519.5000,0,0.00,0.0000,0.0000,GRMS,500.5000,0,0,0.0000,27 NOV 2018 00:00:00,INR
27NOV2018,0,NORMAL,21,OPTFUT,GOLD,29JUL2019,,31700.0000,CE,819.5000,0.0000,0.0000,0.0000,819.5000,0,0.00,0.0000,0.0000,GRMS,800.5000,0,0,0.0000,27 NOV 2018 00:00:00,INR
27NOV2018,0,NORMAL,21,OPTFUT,GOLD,29JUL2019,,31700.0000,PE,561.5000,0.0000,0.0000,0.0000,561.5000,0,0.00,0.0000,0.0000,GRMS,542.5000,0,0,0.0000,27 NOV 2018 00:00:00,INR
27NOV2018,0,NORMAL,21,OPTFUT,GOLD,29JUL2019,,31800.0000,CE,768.5000,0.0000,0.0000,0.0000,768.5000,0,0.00,0.0000,0.0000,GRMS,749.0000,0,0,0.0000,27 NOV 2018 00:00:00,INR
27NOV2018,0,NORMAL,21,OPTFUT,GOLD,29JUL2019,,31800.0000,PE,605.5000,0.0000,0.0000,0.0000,605.5000,0,0.00,0.0000,0.0000,GRMS,586.5000,0,0,0.0000,27 NOV 2018 00:00:00,INR
27NOV2018,0,NORMAL,21,OPTFUT,GOLD,29JUL2019,,31900.0000,CE,719.5000,0.0000,0.0000,0.0000,719.5000,0,0.00,0.0000,0.0000,GRMS,700.0000,0,0,0.0000,27 NOV 2018 00:00:00,INR
27NOV2018,0,NORMAL,21,OPTFUT,GOLD,29JUL2019,,31900.0000,PE,652.0000,0.0000,0.0000,0.0000,652.0000,0,0.00,0.0000,0.0000,GRMS,632.5000,0,0,0.0000,27 NOV 2018 00:00:00,INR
27NOV2018,0,NORMAL,21,OPTFUT,GOLD,29JUL2019,,32000.0000,CE,672.5000,0.0000,0.0000,0.0000,672.5000,0,0.00,0.0000,0.0000,GRMS,653.0000,0,0,0.0000,27 NOV 2018 00:00:00,INR
27NOV2018,0,NORMAL,21,OPTFUT,GOLD,29JUL2019,,32000.0000,PE,700.0000,0.0000,0.0000,0.0000,700.0000,0,0.00,0.0000,0.0000,GRMS,680.5000,0,0,0.0000,27 NOV 2018 00:00:00,INR
27NOV2018,0,NORMAL,21,OPTFUT,GOLD,29JUL2019,,32100.0000,CE,627.5000,0.0000,0.0000,0.0000,627.5000,0,0.00,0.0000,0.0000,GRMS,608.0000,0,0,0.0000,27 NOV 2018 00:00:00,INR
27NOV2018,0,NORMAL,21,OPTFUT,GOLD,29JUL2019,,32100.0000,PE,750.5000,0.0000,0.0000,0.0000,750.5000,0,0.00,0.0000,0.0000,GRMS,731.0000,0,0,0.0000,27 NOV 2018 00:00:00,INR
27NOV2018,0,NORMAL,21,OPTFUT,GOLD,29JUL2019,,32200.0000,CE,584.5000,0.0000,0.0000,0.0000,584.5000,0,0.00,0.0000,0.0000,GRMS,565.5000,0,0,0.0000,27 NOV 2018 00:00:00,INR
27NOV2018,0,NORMAL,21,OPTFUT,GOLD,29JUL2019,,32200.0000,PE,803.0000,0.0000,0.0000,0.0000,803.0000,0,0.00,0.0000,0.0000,GRMS,783.5000,0,0,0.0000,27 NOV 2018 00:00:00,INR
27NOV2018,0,NORMAL,21,OPTFUT,GOLD,29JUL2019,,32300.0000,CE,544.0000,0.0000,0.0000,0.0000,544.0000,0,0.00,0.0000,0.0000,GRMS,524.5000,0,0,0.0000,27 NOV 2018 00:00:00,INR
27NOV2018,0,NORMAL,21,OPTFUT,GOLD,29JUL2019,,32300.0000,PE,857.5000,0.0000,0.0000,0.0000,857.5000,0,0.00,0.0000,0.0000,GRMS,838.0000,0,0,0.0000,27 NOV 2018 00:00:00,INR
27NOV2018,0,NORMAL,21,OPTFUT,GOLD,29JUL2019,,32400.0000,CE,505.5000,0.0000,0.0000,0.0000,505.5000,0,0.00,0.0000,0.0000,GRMS,486.0000,0,0,0.0000,27 NOV 2018 00:00:00,INR
27NOV2018,0,NORMAL,21,OPTFUT,GOLD,29JUL2019,,32400.0000,PE,914.0000,0.0000,0.0000,0.0000,914.0000,0,0.00,0.0000,0.0000,GRMS,895.0000,0,0,0.0000,27 NOV 2018 00:00:00,INR
27NOV2018,0,NORMAL,21,OPTFUT,GOLD,29JUL2019,,28900.0000,CE,2949.0000,0.0000,0.0000,0.0000,2949.0000,0,0.00,0.0000,0.0000,GRMS,2946.0000,0,0,0.0000,27 NOV 2018 00:00:00,INR
27NOV2018,0,NORMAL,21,OPTFUT,GOLD,29JUL2019,,28900.0000,PE,24.0000,0.0000,0.0000,0.0000,24.0000,0,0.00,0.0000,0.0000,GRMS,20.5000,0,0,0.0000,27 NOV 2018 00:00:00,INR
27NOV2018,0,NORMAL,21,OPTFUT,GOLD,29JUL2019,,29000.0000,CE,2857.5000,0.0000,0.0000,0.0000,2857.5000,0,0.00,0.0000,0.0000,GRMS,2854.0000,0,0,0.0000,27 NOV 2018 00:00:00,INR
27NOV2018,0,NORMAL,21,OPTFUT,GOLD,29JUL2019,,29000.0000,PE,28.0000,0.0000,0.0000,0.0000,28.0000,0,0.00,0.0000,0.0000,GRMS,24.0000,0,0,0.0000,27 NOV 2018 00:00:00,INR
27NOV2018,0,NORMAL,21,OPTFUT,GOLD,29JUL2019,,29100.0000,CE,2767.0000,0.0000,0.0000,0.0000,2767.0000,0,0.00,0.0000,0.0000,GRMS,2763.0000,0,0,0.0000,27 NOV 2018 00:00:00,INR
27NOV2018,0,NORMAL,21,OPTFUT,GOLD,29JUL2019,,29100.0000,PE,32.5000,0.0000,0.0000,0.0000,32.5000,0,0.00,0.0000,0.0000,GRMS,28.0000,0,0,0.0000,27 NOV 2018 00:00:00,INR
27NOV2018,0,NORMAL,21,OPTFUT,GOLD,29JUL2019,,29200.0000,CE,2676.5000,0.0000,0.0000,0.0000,2676.5000,0,0.00,0.0000,0.0000,GRMS,2672.5000,0,0,0.0000,27 NOV 2018 00:00:00,INR
27NOV2018,0,NORMAL,21,OPTFUT,GOLD,29JUL2019,,29200.0000,PE,37.5000,0.0000,0.0000,0.0000,37.5000,0,0.00,0.0000,0.0000,GRMS,32.5000,0,0,0.0000,27 NOV 2018 00:00:00,INR
27NOV2018,0,NORMAL,21,OPTFUT,GOLD,29JUL2019,,29300.0000,CE,2587.5000,0.0000,0.0000,0.0000,2587.5000,0,0.00,0.0000,0.0000,GRMS,2582.5000,0,0,0.0000,27 NOV 2018 00:00:00,INR
27NOV2018,0,NORMAL,21,OPTFUT,GOLD,29JUL2019,,29300.0000,PE,43.5000,0.0000,0.0000,0.0000,43.5000,0,0.00,0.0000,0.0000,GRMS,38.0000,0,0,0.0000,27 NOV 2018 00:00:00,INR
27NOV2018,0,NORMAL,21,OPTFUT,GOLD,29JUL2019,,28800.0000,CE,3040.5000,0.0000,0.0000,0.0000,3040.5000,0,0.00,0.0000,0.0000,GRMS,3038.0000,0,0,0.0000,27 NOV 2018 00:00:00,INR
27NOV2018,0,NORMAL,21,OPTFUT,GOLD,29JUL2019,,28800.0000,PE,20.5000,0.0000,0.0000,0.0000,20.5000,0,0.00,0.0000,0.0000,GRMS,17.5000,0,0,0.0000,27 NOV 2018 00:00:00,INR
27NOV2018,0,NORMAL,21,OPTFUT,GOLD,29JUL2019,,32500.0000,CE,468.5000,0.0000,0.0000,0.0000,468.5000,0,0.00,0.0000,0.0000,GRMS,449.5000,0,0,0.0000,27 NOV 2018 00:00:00,INR
27NOV2018,0,NORMAL,21,OPTFUT,GOLD,29JUL2019,,32500.0000,PE,972.5000,0.0000,0.0000,0.0000,972.5000,0,0.00,0.0000,0.0000,GRMS,953.5000,0,0,0.0000,27 NOV 2018 00:00:00,INR
27NOV2018,0,NORMAL,21,OPTFUT,GOLD,29JUL2019,,32600.0000,CE,434.0000,0.0000,0.0000,0.0000,434.0000,0,0.00,0.0000,0.0000,GRMS,415.5000,0,0,0.0000,27 NOV 2018 00:00:00,INR
27NOV2018,0,NORMAL,21,OPTFUT,GOLD,29JUL2019,,32600.0000,PE,1033.0000,0.0000,0.0000,0.0000,1033.0000,0,0.00,0.0000,0.0000,GRMS,1014.5000,0,0,0.0000,27 NOV 2018 00:00:00,INR
27NOV2018,0,NORMAL,21,OPTFUT,GOLD,29JUL2019,,32700.0000,CE,401.0000,0.0000,0.0000,0.0000,401.0000,0,0.00,0.0000,0.0000,GRMS,383.0000,0,0,0.0000,27 NOV 2018 00:00:00,INR
27NOV2018,0,NORMAL,21,OPTFUT,GOLD,29JUL2019,,32700.0000,PE,1095.5000,0.0000,0.0000,0.0000,1095.5000,0,0.00,0.0000,0.0000,GRMS,1077.5000,0,0,0.0000,27 NOV 2018 00:00:00,INR
27NOV2018,0,NORMAL,21,OPTFUT,GOLD,29JUL2019,,32800.0000,CE,370.0000,0.0000,0.0000,0.0000,370.0000,0,0.00,0.0000,0.0000,GRMS,352.5000,0,0,0.0000,27 NOV 2018 00:00:00,INR
27NOV2018,0,NORMAL,21,OPTFUT,GOLD,29JUL2019,,32800.0000,PE,1159.5000,0.0000,0.0000,0.0000,1159.5000,0,0.00,0.0000,0.0000,GRMS,1142.0000,0,0,0.0000,27 NOV 2018 00:00:00,INR
27NOV2018,0,NORMAL,21,OPTFUT,GOLD,29JUL2019,,32900.0000,CE,341.0000,0.0000,0.0000,0.0000,341.0000,0,0.00,0.0000,0.0000,GRMS,323.5000,0,0,0.0000,27 NOV 2018 00:00:00,INR
27NOV2018,0,NORMAL,21,OPTFUT,GOLD,29JUL2019,,32900.0000,PE,1226.0000,0.0000,0.0000,0.0000,1226.0000,0,0.00,0.0000,0.0000,GRMS,1208.5000,0,0,0.0000,27 NOV 2018 00:00:00,INR
27NOV2018,0,NORMAL,21,OPTFUT,GOLD,29JUL2019,,33000.0000,CE,313.5000,0.0000,0.0000,0.0000,313.5000,0,0.00,0.0000,0.0000,GRMS,297.0000,0,0,0.0000,27 NOV 2018 00:00:00,INR
27NOV2018,0,NORMAL,21,OPTFUT,GOLD,29JUL2019,,33000.0000,PE,1293.5000,0.0000,0.0000,0.0000,1293.5000,0,0.00,0.0000,0.0000,GRMS,1277.0000,0,0,0.0000,27 NOV 2018 00:00:00,INR
27NOV2018,0,NORMAL,21,OPTFUT,GOLD,29JUL2019,,33100.0000,CE,288.0000,0.0000,0.0000,0.0000,288.0000,0,0.00,0.0000,0.0000,GRMS,271.5000,0,0,0.0000,27 NOV 2018 00:00:00,INR
27NOV2018,0,NORMAL,21,OPTFUT,GOLD,29JUL2019,,33100.0000,PE,1363.5000,0.0000,0.0000,0.0000,1363.5000,0,0.00,0.0000,0.0000,GRMS,1347.0000,0,0,0.0000,27 NOV 2018 00:00:00,INR
27NOV2018,0,NORMAL,21,OPTFUT,GOLD,29JUL2019,,33200.0000,CE,264.0000,0.0000,0.0000,0.0000,264.0000,0,0.00,0.0000,0.0000,GRMS,248.5000,0,0,0.0000,27 NOV 2018 00:00:00,INR
27NOV2018,0,NORMAL,21,OPTFUT,GOLD,29JUL2019,,33200.0000,PE,1434.5000,0.0000,0.0000,0.0000,1434.5000,0,0.00,0.0000,0.0000,GRMS,1419.0000,0,0,0.0000,27 NOV 2018 00:00:00,INR
27NOV2018,0,NORMAL,21,OPTFUT,GOLD,29JUL2019,,33300.0000,CE,241.5000,0.0000,0.0000,0.0000,241.5000,0,0.00,0.0000,0.0000,GRMS,226.5000,0,0,0.0000,27 NOV 2018 00:00:00,INR
27NOV2018,0,NORMAL,21,OPTFUT,GOLD,29JUL2019,,33300.0000,PE,1507.5000,0.0000,0.0000,0.0000,1507.5000,0,0.00,0.0000,0.0000,GRMS,1492.5000,0,0,0.0000,27 NOV 2018 00:00:00,INR
27NOV2018,0,NORMAL,21,OPTFUT,GOLD,29JUL2019,,33400.0000,CE,221.0000,0.0000,0.0000,0.0000,221.0000,0,0.00,0.0000,0.0000,GRMS,206.0000,0,0,0.0000,27 NOV 2018 00:00:00,INR
27NOV2018,0,NORMAL,21,OPTFUT,GOLD,29JUL2019,,33400.0000,PE,1582.0000,0.0000,0.0000,0.0000,1582.0000,0,0.00,0.0000,0.0000,GRMS,1567.5000,0,0,0.0000,27 NOV 2018 00:00:00,INR
27NOV2018,0,NORMAL,21,OPTFUT,GOLD,29JUL2019,,33500.0000,CE,201.5000,0.0000,0.0000,0.0000,201.5000,0,0.00,0.0000,0.0000,GRMS,187.5000,0,0,0.0000,27 NOV 2018 00:00:00,INR
27NOV2018,0,NORMAL,21,OPTFUT,GOLD,29JUL2019,,33500.0000,PE,1657.5000,0.0000,0.0000,0.0000,1657.5000,0,0.00,0.0000,0.0000,GRMS,1644.0000,0,0,0.0000,27 NOV 2018 00:00:00,INR
27NOV2018,0,NORMAL,21,OPTFUT,GOLD,29JUL2019,,33600.0000,CE,183.5000,0.0000,0.0000,0.0000,183.5000,0,0.00,0.0000,0.0000,GRMS,170.0000,0,0,0.0000,27 NOV 2018 00:00:00,INR
27NOV2018,0,NORMAL,21,OPTFUT,GOLD,29JUL2019,,33600.0000,PE,1735.0000,0.0000,0.0000,0.0000,1735.0000,0,0.00,0.0000,0.0000,GRMS,1722.0000,0,0,0.0000,27 NOV 2018 00:00:00,INR
27NOV2018,0,NORMAL,21,OPTFUT,GOLD,29JUL2019,,33700.0000,CE,167.0000,0.0000,0.0000,0.0000,167.0000,0,0.00,0.0000,0.0000,GRMS,154.0000,0,0,0.0000,27 NOV 2018 00:00:00,INR
27NOV2018,0,NORMAL,21,OPTFUT,GOLD,29JUL2019,,33700.0000,PE,1813.5000,0.0000,0.0000,0.0000,1813.5000,0,0.00,0.0000,0.0000,GRMS,1801.0000,0,0,0.0000,27 NOV 2018 00:00:00,INR
27NOV2018,0,NORMAL,21,OPTFUT,GOLD,29JUL2019,,33800.0000,CE,151.5000,0.0000,0.0000,0.0000,151.5000,0,0.00,0.0000,0.0000,GRMS,139.0000,0,0,0.0000,27 NOV 2018 00:00:00,INR
27NOV2018,0,NORMAL,21,OPTFUT,GOLD,29JUL2019,,33800.0000,PE,1893.5000,0.0000,0.0000,0.0000,1893.5000,0,0.00,0.0000,0.0000,GRMS,1881.5000,0,0,0.0000,27 NOV 2018 00:00:00,INR
27NOV2018,0,NORMAL,21,OPTFUT,SILVER,28NOV2018,,39250.0000,CE,36.5000,0.0000,0.0000,0.0000,36.5000,0,0.00,0.0000,0.0000,KGS,16.5000,0,0,0.0000,27 NOV 2018 00:00:00,INR
27NOV2018,0,NORMAL,21,OPTFUT,SILVER,28NOV2018,,39250.0000,PE,588.5000,0.0000,0.0000,0.0000,588.5000,0,0.00,0.0000,0.0000,KGS,466.5000,0,0,0.0000,27 NOV 2018 00:00:00,INR
27NOV2018,0,NORMAL,21,OPTFUT,SILVER,28NOV2018,,39500.0000,CE,13.0000,0.0000,0.0000,0.0000,13.0000,0,0.00,495.0000,193.0000,KGS,3.0000,0,4,0.0000,27 NOV 2018 00:00:00,INR
27NOV2018,0,NORMAL,21,OPTFUT,SILVER,28NOV2018,,39500.0000,PE,815.0000,0.0000,0.0000,0.0000,815.0000,0,0.00,2434.0000,1800.0000,KGS,703.0000,0,4,0.0000,27 NOV 2018 00:00:00,INR
27NOV2018,0,NORMAL,21,OPTFUT,SILVER,28NOV2018,,39750.0000,CE,4.0000,0.0000,0.0000,0.0000,4.0000,0,0.00,0.0000,0.0000,KGS,0.5000,0,0,0.0000,27 NOV 2018 00:00:00,INR
27NOV2018,0,NORMAL,21,OPTFUT,SILVER,28NOV2018,,39750.0000,PE,1055.5000,0.0000,0.0000,0.0000,1055.5000,0,0.00,0.0000,0.0000,KGS,950.0000,0,0,0.0000,27 NOV 2018 00:00:00,INR
27NOV2018,0,NORMAL,21,OPTFUT,SILVER,28NOV2018,,40000.0000,CE,1.0000,0.0000,0.0000,0.0000,1.0000,0,0.00,356.0000,84.0000,KGS,0.5000,0,38,0.0000,27 NOV 2018 00:00:00,INR
27NOV2018,0,NORMAL,21,OPTFUT,SILVER,28NOV2018,,40000.0000,PE,1302.5000,0.0000,0.0000,0.0000,1302.5000,0,0.00,2764.0000,2128.0000,KGS,1200.0000,0,3,0.0000,27 NOV 2018 00:00:00,INR
27NOV2018,0,NORMAL,21,OPTFUT,SILVER,28NOV2018,,40250.0000,CE,0.5000,0.0000,0.0000,0.0000,0.5000,0,0.00,0.0000,0.0000,KGS,0.5000,0,0,0.0000,27 NOV 2018 00:00:00,INR
27NOV2018,0,NORMAL,21,OPTFUT,SILVER,28NOV2018,,40250.0000,PE,1551.5000,0.0000,0.0000,0.0000,1551.5000,0,0.00,0.0000,0.0000,KGS,1449.5000,0,0,0.0000,27 NOV 2018 00:00:00,INR
27NOV2018,0,NORMAL,21,OPTFUT,SILVER,28NOV2018,,40500.0000,CE,0.5000,0.0000,0.0000,0.0000,0.5000,0,0.00,0.0000,0.0000,KGS,0.5000,0,0,0.0000,27 NOV 2018 00:00:00,INR
27NOV2018,0,NORMAL,21,OPTFUT,SILVER,28NOV2018,,40500.0000,PE,1801.5000,0.0000,0.0000,0.0000,1801.5000,0,0.00,2535.0000,2535.0000,KGS,1699.5000,0,2,0.0000,27 NOV 2018 00:00:00,INR
27NOV2018,0,NORMAL,21,OPTFUT,SILVER,28NOV2018,,40750.0000,CE,0.5000,0.0000,0.0000,0.0000,0.5000,0,0.00,0.0000,0.0000,KGS,0.5000,0,0,0.0000,27 NOV 2018 00:00:00,INR
27NOV2018,0,NORMAL,21,OPTFUT,SILVER,28NOV2018,,40750.0000,PE,2051.0000,0.0000,0.0000,0.0000,2051.0000,0,0.00,0.0000,0.0000,KGS,1949.5000,0,0,0.0000,27 NOV 2018 00:00:00,INR
27NOV2018,0,NORMAL,21,OPTFUT,SILVER,28NOV2018,,41000.0000,CE,0.5000,0.0000,0.0000,0.0000,0.5000,0,0.00,0.0000,0.0000,KGS,0.5000,0,0,0.0000,27 NOV 2018 00:00:00,INR
27NOV2018,0,NORMAL,21,OPTFUT,SILVER,28NOV2018,,41000.0000,PE,2301.0000,0.0000,0.0000,0.0000,2301.0000,0,0.00,0.0000,0.0000,KGS,2199.5000,0,0,0.0000,27 NOV 2018 00:00:00,INR
27NOV2018,0,NORMAL,21,OPTFUT,SILVER,28NOV2018,,41250.0000,CE,0.5000,0.0000,0.0000,0.0000,0.5000,0,0.00,0.0000,0.0000,KGS,0.5000,0,0,0.0000,27 NOV 2018 00:00:00,INR
27NOV2018,0,NORMAL,21,OPTFUT,SILVER,28NOV2018,,41250.0000,PE,2551.0000,0.0000,0.0000,0.0000,2551.0000,0,0.00,0.0000,0.0000,KGS,2449.5000,0,0,0.0000,27 NOV 2018 00:00:00,INR
27NOV2018,0,NORMAL,21,OPTFUT,SILVER,28NOV2018,,41500.0000,CE,0.5000,0.0000,0.0000,0.0000,0.5000,0,0.00,0.0000,0.0000,KGS,0.5000,0,0,0.0000,27 NOV 2018 00:00:00,INR
27NOV2018,0,NORMAL,21,OPTFUT,SILVER,28NOV2018,,41500.0000,PE,2801.0000,0.0000,0.0000,0.0000,2801.0000,0,0.00,0.0000,0.0000,KGS,2699.5000,0,0,0.0000,27 NOV 2018 00:00:00,INR
27NOV2018,0,NORMAL,21,OPTFUT,SILVER,28NOV2018,,41750.0000,CE,0.5000,0.0000,0.0000,0.0000,0.5000,0,0.00,0.0000,0.0000,KGS,0.5000,0,0,0.0000,27 NOV 2018 00:00:00,INR
27NOV2018,0,NORMAL,21,OPTFUT,SILVER,28NOV2018,,41750.0000,PE,3051.0000,0.0000,0.0000,0.0000,3051.0000,0,0.00,0.0000,0.0000,KGS,2949.5000,0,0,0.0000,27 NOV 2018 00:00:00,INR
27NOV2018,0,NORMAL,21,OPTFUT,SILVER,28NOV2018,,42000.0000,CE,0.5000,0.0000,0.0000,0.0000,0.5000,0,0.00,0.0000,0.0000,KGS,0.5000,0,0,0.0000,27 NOV 2018 00:00:00,INR
27NOV2018,0,NORMAL,21,OPTFUT,SILVER,28NOV2018,,42000.0000,PE,3300.5000,0.0000,0.0000,0.0000,3300.5000,0,0.00,0.0000,0.0000,KGS,3199.5000,0,0,0.0000,27 NOV 2018 00:00:00,INR
27NOV2018,0,NORMAL,21,OPTFUT,SILVER,28NOV2018,,42250.0000,CE,0.5000,0.0000,0.0000,0.0000,0.5000,0,0.00,0.0000,0.0000,KGS,0.5000,0,0,0.0000,27 NOV 2018 00:00:00,INR
27NOV2018,0,NORMAL,21,OPTFUT,SILVER,28NOV2018,,42250.0000,PE,3550.5000,0.0000,0.0000,0.0000,3550.5000,0,0.00,0.0000,0.0000,KGS,3449.5000,0,0,0.0000,27 NOV 2018 00:00:00,INR
27NOV2018,0,NORMAL,21,OPTFUT,SILVER,28NOV2018,,42500.0000,CE,0.5000,0.0000,0.0000,0.0000,0.5000,0,0.00,0.0000,0.0000,KGS,0.5000,0,0,0.0000,27 NOV 2018 00:00:00,INR
27NOV2018,0,NORMAL,21,OPTFUT,SILVER,28NOV2018,,42500.0000,PE,3800.5000,0.0000,0.0000,0.0000,3800.5000,0,0.00,0.0000,0.0000,KGS,3699.5000,0,0,0.0000,27 NOV 2018 00:00:00,INR
27NOV2018,0,NORMAL,21,OPTFUT,SILVER,28NOV2018,,42750.0000,CE,0.5000,0.0000,0.0000,0.0000,0.5000,0,0.00,0.0000,0.0000,KGS,0.5000,0,0,0.0000,27 NOV 2018 00:00:00,INR
27NOV2018,0,NORMAL,21,OPTFUT,SILVER,28NOV2018,,42750.0000,PE,4050.5000,0.0000,0.0000,0.0000,4050.5000,0,0.00,0.0000,0.0000,KGS,3949.0000,0,0,0.0000,27 NOV 2018 00:00:00,INR
27NOV2018,0,NORMAL,21,OPTFUT,SILVER,28NOV2018,,43000.0000,CE,0.5000,0.0000,0.0000,0.0000,0.5000,0,0.00,0.0000,0.0000,KGS,0.5000,0,0,0.0000,27 NOV 2018 00:00:00,INR
27NOV2018,0,NORMAL,21,OPTFUT,SILVER,28NOV2018,,43000.0000,PE,4300.5000,0.0000,0.0000,0.0000,4300.5000,0,0.00,0.0000,0.0000,KGS,4199.0000,0,0,0.0000,27 NOV 2018 00:00:00,INR
27NOV2018,0,NORMAL,21,OPTFUT,SILVER,28NOV2018,,43250.0000,CE,0.5000,0.0000,0.0000,0.0000,0.5000,0,0.00,0.0000,0.0000,KGS,0.5000,0,0,0.0000,27 NOV 2018 00:00:00,INR
27NOV2018,0,NORMAL,21,OPTFUT,SILVER,28NOV2018,,43250.0000,PE,4550.0000,0.0000,0.0000,0.0000,4550.0000,0,0.00,0.0000,0.0000,KGS,4449.0000,0,0,0.0000,27 NOV 2018 00:00:00,INR
27NOV2018,0,NORMAL,21,OPTFUT,SILVER,28NOV2018,,43500.0000,CE,0.5000,0.0000,0.0000,0.0000,0.5000,0,0.00,0.0000,0.0000,KGS,0.5000,0,0,0.0000,27 NOV 2018 00:00:00,INR
27NOV2018,0,NORMAL,21,OPTFUT,SILVER,28NOV2018,,43500.0000,PE,4800.0000,0.0000,0.0000,0.0000,4800.0000,0,0.00,0.0000,0.0000,KGS,4699.0000,0,0,0.0000,27 NOV 2018 00:00:00,INR
27NOV2018,0,NORMAL,21,OPTFUT,SILVER,28NOV2018,,43750.0000,CE,0.5000,0.0000,0.0000,0.0000,0.5000,0,0.00,0.0000,0.0000,KGS,0.5000,0,0,0.0000,27 NOV 2018 00:00:00,INR
27NOV2018,0,NORMAL,21,OPTFUT,SILVER,28NOV2018,,43750.0000,PE,5050.0000,0.0000,0.0000,0.0000,5050.0000,0,0.00,0.0000,0.0000,KGS,4949.0000,0,0,0.0000,27 NOV 2018 00:00:00,INR
27NOV2018,0,NORMAL,21,OPTFUT,SILVER,28NOV2018,,44000.0000,CE,0.5000,0.0000,0.0000,0.0000,0.5000,0,0.00,0.0000,0.0000,KGS,0.5000,0,0,0.0000,27 NOV 2018 00:00:00,INR
27NOV2018,0,NORMAL,21,OPTFUT,SILVER,28NOV2018,,44000.0000,PE,5300.0000,0.0000,0.0000,0.0000,5300.0000,0,0.00,0.0000,0.0000,KGS,5199.0000,0,0,0.0000,27 NOV 2018 00:00:00,INR
27NOV2018,0,NORMAL,21,OPTFUT,SILVER,28NOV2018,,44250.0000,CE,0.5000,0.0000,0.0000,0.0000,0.5000,0,0.00,0.0000,0.0000,KGS,0.5000,0,0,0.0000,27 NOV 2018 00:00:00,INR
27NOV2018,0,NORMAL,21,OPTFUT,SILVER,28NOV2018,,44250.0000,PE,5550.0000,0.0000,0.0000,0.0000,5550.0000,0,0.00,0.0000,0.0000,KGS,5449.0000,0,0,0.0000,27 NOV 2018 00:00:00,INR
27NOV2018,0,NORMAL,21,OPTFUT,SILVER,28NOV2018,,44500.0000,CE,0.5000,0.0000,0.0000,0.0000,0.5000,0,0.00,0.0000,0.0000,KGS,0.5000,0,0,0.0000,27 NOV 2018 00:00:00,INR
27NOV2018,0,NORMAL,21,OPTFUT,SILVER,28NOV2018,,44500.0000,PE,5799.5000,0.0000,0.0000,0.0000,5799.5000,0,0.00,0.0000,0.0000,KGS,5699.0000,0,0,0.0000,27 NOV 2018 00:00:00,INR
27NOV2018,0,NORMAL,21,OPTFUT,SILVER,28NOV2018,,38750.0000,CE,178.0000,0.0000,0.0000,0.0000,178.0000,0,0.00,0.0000,0.0000,KGS,165.5000,0,0,0.0000,27 NOV 2018 00:00:00,INR
27NOV2018,0,NORMAL,21,OPTFUT,SILVER,28NOV2018,,38750.0000,PE,230.0000,0.0000,0.0000,0.0000,230.0000,0,0.00,0.0000,0.0000,KGS,115.5000,0,0,0.0000,27 NOV 2018 00:00:00,INR
27NOV2018,0,NORMAL,21,OPTFUT,SILVER,28NOV2018,,39000.0000,CE,87.0000,0.0000,0.0000,0.0000,87.0000,0,0.00,780.0000,170.0000,KGS,61.5000,0,205,0.0000,27 NOV 2018 00:00:00,INR
27NOV2018,0,NORMAL,21,OPTFUT,SILVER,28NOV2018,,39000.0000,PE,389.0000,0.0000,0.0000,0.0000,389.0000,0,0.00,2190.5000,1175.0000,KGS,261.5000,0,15,0.0000,27 NOV 2018 00:00:00,INR
27NOV2018,0,NORMAL,21,OPTFUT,SILVER,28NOV2018,,38500.0000,CE,316.5000,0.0000,0.0000,0.0000,316.5000,0,0.00,1087.0000,280.0000,KGS,337.0000,0,29,0.0000,27 NOV 2018 00:00:00,INR
27NOV2018,0,NORMAL,21,OPTFUT,SILVER,28NOV2018,,38500.0000,PE,118.5000,0.0000,0.0000,0.0000,118.5000,0,0.00,1468.5000,704.5000,KGS,37.5000,0,19,0.0000,27 NOV 2018 00:00:00,INR
27NOV2018,0,NORMAL,21,OPTFUT,SILVER,28NOV2018,,44750.0000,CE,0.5000,0.0000,0.0000,0.0000,0.5000,0,0.00,0.0000,0.0000,KGS,0.5000,0,0,0.0000,27 NOV 2018 00:00:00,INR
27NOV2018,0,NORMAL,21,OPTFUT,SILVER,28NOV2018,,44750.0000,PE,6049.5000,0.0000,0.0000,0.0000,6049.5000,0,0.00,0.0000,0.0000,KGS,5949.0000,0,0,0.0000,27 NOV 2018 00:00:00,INR
27NOV2018,0,NORMAL,21,OPTFUT,SILVER,28NOV2018,,45000.0000,CE,0.5000,0.0000,0.0000,0.0000,0.5000,0,0.00,0.0000,0.0000,KGS,0.5000,0,0,0.0000,27 NOV 2018 00:00:00,INR
27NOV2018,0,NORMAL,21,OPTFUT,SILVER,28NOV2018,,45000.0000,PE,6299.5000,0.0000,0.0000,0.0000,6299.5000,0,0.00,0.0000,0.0000,KGS,6199.0000,0,0,0.0000,27 NOV 2018 00:00:00,INR
27NOV2018,0,NORMAL,21,OPTFUT,SILVER,28NOV2018,,45250.0000,CE,0.5000,0.0000,0.0000,0.0000,0.5000,0,0.00,0.0000,0.0000,KGS,0.5000,0,0,0.0000,27 NOV 2018 00:00:00,INR
27NOV2018,0,NORMAL,21,OPTFUT,SILVER,28NOV2018,,45250.0000,PE,6549.5000,0.0000,0.0000,0.0000,6549.5000,0,0.00,0.0000,0.0000,KGS,6448.5000,0,0,0.0000,27 NOV 2018 00:00:00,INR
27NOV2018,0,NORMAL,21,OPTFUT,SILVER,28NOV2018,,45500.0000,CE,0.5000,0.0000,0.0000,0.0000,0.5000,0,0.00,0.0000,0.0000,KGS,0.5000,0,0,0.0000,27 NOV 2018 00:00:00,INR
27NOV2018,0,NORMAL,21,OPTFUT,SILVER,28NOV2018,,45500.0000,PE,6799.5000,0.0000,0.0000,0.0000,6799.5000,0,0.00,0.0000,0.0000,KGS,6698.5000,0,0,0.0000,27 NOV 2018 00:00:00,INR
27NOV2018,0,NORMAL,21,OPTFUT,SILVER,28NOV2018,,38250.0000,CE,500.0000,0.0000,0.0000,0.0000,500.0000,0,0.00,0.0000,0.0000,KGS,558.0000,0,0,0.0000,27 NOV 2018 00:00:00,INR
27NOV2018,0,NORMAL,21,OPTFUT,SILVER,28NOV2018,,38250.0000,PE,52.0000,0.0000,0.0000,0.0000,52.0000,0,0.00,0.0000,0.0000,KGS,8.5000,0,0,0.0000,27 NOV 2018 00:00:00,INR
27NOV2018,0,NORMAL,21,OPTFUT,SILVER,28NOV2018,,37750.0000,CE,953.5000,0.0000,0.0000,0.0000,953.5000,0,0.00,1345.0000,573.5000,KGS,1050.0000,0,15,0.0000,27 NOV 2018 00:00:00,INR
27NOV2018,0,NORMAL,21,OPTFUT,SILVER,28NOV2018,,37750.0000,PE,5.5000,0.0000,0.0000,0.0000,5.5000,0,0.00,0.0000,0.0000,KGS,0.5000,0,0,0.0000,27 NOV 2018 00:00:00,INR
27NOV2018,0,NORMAL,21,OPTFUT,SILVER,28NOV2018,,38000.0000,CE,717.0000,0.0000,0.0000,0.0000,717.0000,0,0.00,1060.0000,345.0000,KGS,801.0000,0,163,0.0000,27 NOV 2018 00:00:00,INR
27NOV2018,0,NORMAL,21,OPTFUT,SILVER,28NOV2018,,38000.0000,PE,19.0000,0.0000,0.0000,0.0000,19.0000,0,0.00,1450.0000,477.0000,KGS,1.0000,0,46,0.0000,27 NOV 2018 00:00:00,INR
27NOV2018,0,NORMAL,21,OPTFUT,SILVER,28NOV2018,,37500.0000,CE,1199.0000,0.0000,0.0000,0.0000,1199.0000,0,0.00,1400.0000,520.0000,KGS,1300.0000,0,24,0.0000,27 NOV 2018 00:00:00,INR
27NOV2018,0,NORMAL,21,OPTFUT,SILVER,28NOV2018,,37500.0000,PE,1.5000,0.0000,0.0000,0.0000,1.5000,0,0.00,1274.5000,290.0000,KGS,0.5000,0,38,0.0000,27 NOV 2018 00:00:00,INR
27NOV2018,0,NORMAL,21,OPTFUT,SILVER,28NOV2018,,37000.0000,CE,1697.5000,0.0000,0.0000,0.0000,1697.5000,0,0.00,1770.0000,681.0000,KGS,1799.5000,0,28,0.0000,27 NOV 2018 00:00:00,INR
27NOV2018,0,NORMAL,21,OPTFUT,SILVER,28NOV2018,,37000.0000,PE,0.5000,0.0000,0.0000,0.0000,0.5000,0,0.00,1000.0000,185.0000,KGS,0.5000,0,81,0.0000,27 NOV 2018 00:00:00,INR
27NOV2018,0,NORMAL,21,OPTFUT,SILVER,28NOV2018,,37250.0000,CE,1447.5000,0.0000,0.0000,0.0000,1447.5000,0,0.00,925.5000,700.0000,KGS,1549.5000,0,1,0.0000,27 NOV 2018 00:00:00,INR
27NOV2018,0,NORMAL,21,OPTFUT,SILVER,28NOV2018,,37250.0000,PE,0.5000,0.0000,0.0000,0.0000,0.5000,0,0.00,0.0000,0.0000,KGS,0.5000,0,0,0.0000,27 NOV 2018 00:00:00,INR
27NOV2018,0,NORMAL,21,OPTFUT,SILVER,28NOV2018,,36750.0000,CE,1947.0000,0.0000,0.0000,0.0000,1947.0000,0,0.00,0.0000,0.0000,KGS,2049.5000,0,0,0.0000,27 NOV 2018 00:00:00,INR
27NOV2018,0,NORMAL,21,OPTFUT,SILVER,28NOV2018,,36750.0000,PE,0.5000,0.0000,0.0000,0.0000,0.5000,0,0.00,852.0000,219.0000,KGS,0.5000,0,0,0.0000,27 NOV 2018 00:00:00,INR
27NOV2018,0,NORMAL,21,OPTFUT,SILVER,28NOV2018,,36250.0000,CE,2447.0000,0.0000,0.0000,0.0000,2447.0000,0,0.00,0.0000,0.0000,KGS,2549.5000,0,0,0.0000,27 NOV 2018 00:00:00,INR
27NOV2018,0,NORMAL,21,OPTFUT,SILVER,28NOV2018,,36250.0000,PE,0.5000,0.0000,0.0000,0.0000,0.5000,0,0.00,601.0000,508.0000,KGS,0.5000,0,0,0.0000,27 NOV 2018 00:00:00,INR
27NOV2018,0,NORMAL,21,OPTFUT,SILVER,28NOV2018,,36500.0000,CE,2197.0000,0.0000,0.0000,0.0000,2197.0000,0,0.00,1731.0000,1216.5000,KGS,2299.5000,0,0,0.0000,27 NOV 2018 00:00:00,INR
27NOV2018,0,NORMAL,21,OPTFUT,SILVER,28NOV2018,,36500.0000,PE,0.5000,0.0000,0.0000,0.0000,0.5000,0,0.00,741.0000,120.0000,KGS,0.5000,0,38,0.0000,27 NOV 2018 00:00:00,INR
27NOV2018,0,NORMAL,21,OPTFUT,SILVER,28NOV2018,,36000.0000,CE,2697.0000,0.0000,0.0000,0.0000,2697.0000,0,0.00,2548.5000,1416.5000,KGS,2799.5000,0,0,0.0000,27 NOV 2018 00:00:00,INR
27NOV2018,0,NORMAL,21,OPTFUT,SILVER,28NOV2018,,36000.0000,PE,0.5000,0.0000,0.0000,0.0000,0.5000,0,0.00,500.0000,70.0000,KGS,0.5000,0,38,0.0000,27 NOV 2018 00:00:00,INR
27NOV2018,0,NORMAL,21,OPTFUT,SILVER,28NOV2018,,35250.0000,CE,3446.5000,0.0000,0.0000,0.0000,3446.5000,0,0.00,0.0000,0.0000,KGS,3549.5000,0,0,0.0000,27 NOV 2018 00:00:00,INR
27NOV2018,0,NORMAL,21,OPTFUT,SILVER,28NOV2018,,35250.0000,PE,0.5000,0.0000,0.0000,0.0000,0.5000,0,0.00,500.0000,52.0000,KGS,0.5000,0,0,0.0000,27 NOV 2018 00:00:00,INR
27NOV2018,0,NORMAL,21,OPTFUT,SILVER,28NOV2018,,35500.0000,CE,3196.5000,0.0000,0.0000,0.0000,3196.5000,0,0.00,0.0000,0.0000,KGS,3299.5000,0,0,0.0000,27 NOV 2018 00:00:00,INR
27NOV2018,0,NORMAL,21,OPTFUT,SILVER,28NOV2018,,35500.0000,PE,0.5000,0.0000,0.0000,0.0000,0.5000,0,0.00,0.0000,0.0000,KGS,0.5000,0,0,0.0000,27 NOV 2018 00:00:00,INR
27NOV2018,0,NORMAL,21,OPTFUT,SILVER,28NOV2018,,35750.0000,CE,2947.0000,0.0000,0.0000,0.0000,2947.0000,0,0.00,0.0000,0.0000,KGS,3049.5000,0,0,0.0000,27 NOV 2018 00:00:00,INR
27NOV2018,0,NORMAL,21,OPTFUT,SILVER,28NOV2018,,35750.0000,PE,0.5000,0.0000,0.0000,0.0000,0.5000,0,0.00,0.0000,0.0000,KGS,0.5000,0,0,0.0000,27 NOV 2018 00:00:00,INR
27NOV2018,0,NORMAL,21,OPTFUT,SILVER,28NOV2018,,35000.0000,CE,3696.5000,0.0000,0.0000,0.0000,3696.5000,0,0.00,0.0000,0.0000,KGS,3799.0000,0,0,0.0000,27 NOV 2018 00:00:00,INR
27NOV2018,0,NORMAL,21,OPTFUT,SILVER,28NOV2018,,35000.0000,PE,0.5000,0.0000,0.0000,0.0000,0.5000,0,0.00,100.0000,100.0000,KGS,0.5000,0,1,0.0000,27 NOV 2018 00:00:00,INR
27NOV2018,0,NORMAL,21,OPTFUT,SILVER,28NOV2018,,34250.0000,CE,4446.0000,0.0000,0.0000,0.0000,4446.0000,0,0.00,0.0000,0.0000,KGS,4549.0000,0,0,0.0000,27 NOV 2018 00:00:00,INR
27NOV2018,0,NORMAL,21,OPTFUT,SILVER,28NOV2018,,34250.0000,PE,0.5000,0.0000,0.0000,0.0000,0.5000,0,0.00,0.0000,0.0000,KGS,0.5000,0,0,0.0000,27 NOV 2018 00:00:00,INR
27NOV2018,0,NORMAL,21,OPTFUT,SILVER,28NOV2018,,34500.0000,CE,4196.5000,0.0000,0.0000,0.0000,4196.5000,0,0.00,0.0000,0.0000,KGS,4299.0000,0,0,0.0000,27 NOV 2018 00:00:00,INR
27NOV2018,0,NORMAL,21,OPTFUT,SILVER,28NOV2018,,34500.0000,PE,0.5000,0.0000,0.0000,0.0000,0.5000,0,0.00,0.0000,0.0000,KGS,0.5000,0,0,0.0000,27 NOV 2018 00:00:00,INR
27NOV2018,0,NORMAL,21,OPTFUT,SILVER,28NOV2018,,34750.0000,CE,3946.5000,0.0000,0.0000,0.0000,3946.5000,0,0.00,0.0000,0.0000,KGS,4049.0000,0,0,0.0000,27 NOV 2018 00:00:00,INR
27NOV2018,0,NORMAL,21,OPTFUT,SILVER,28NOV2018,,34750.0000,PE,0.5000,0.0000,0.0000,0.0000,0.5000,0,0.00,0.0000,0.0000,KGS,0.5000,0,0,0.0000,27 NOV 2018 00:00:00,INR
27NOV2018,0,NORMAL,21,OPTFUT,SILVER,26FEB2019,,40000.0000,CE,253.0000,0.0000,0.0000,0.0000,253.0000,0,0.00,0.0000,0.0000,KGS,192.5000,0,0,0.0000,27 NOV 2018 00:00:00,INR
27NOV2018,0,NORMAL,21,OPTFUT,SILVER,26FEB2019,,40000.0000,PE,2708.0000,0.0000,0.0000,0.0000,2708.0000,0,0.00,0.0000,0.0000,KGS,3138.5000,0,0,0.0000,27 NOV 2018 00:00:00,INR
27NOV2018,0,NORMAL,21,OPTFUT,SILVER,26FEB2019,,40250.0000,CE,214.5000,0.0000,0.0000,0.0000,214.5000,0,0.00,0.0000,0.0000,KGS,162.5000,0,0,0.0000,27 NOV 2018 00:00:00,INR
27NOV2018,0,NORMAL,21,OPTFUT,SILVER,26FEB2019,,40250.0000,PE,2914.5000,0.0000,0.0000,0.0000,2914.5000,0,0.00,0.0000,0.0000,KGS,3354.0000,0,0,0.0000,27 NOV 2018 00:00:00,INR
27NOV2018,0,NORMAL,21,OPTFUT,SILVER,26FEB2019,,40500.0000,CE,181.0000,0.0000,0.0000,0.0000,181.0000,0,0.00,0.0000,0.0000,KGS,136.5000,0,0,0.0000,27 NOV 2018 00:00:00,INR
27NOV2018,0,NORMAL,21,OPTFUT,SILVER,26FEB2019,,40500.0000,PE,3126.5000,0.0000,0.0000,0.0000,3126.5000,0,0.00,0.0000,0.0000,KGS,3573.5000,0,0,0.0000,27 NOV 2018 00:00:00,INR
27NOV2018,0,NORMAL,21,OPTFUT,SILVER,26FEB2019,,40750.0000,CE,152.0000,0.0000,0.0000,0.0000,152.0000,0,0.00,0.0000,0.0000,KGS,114.0000,0,0,0.0000,27 NOV 2018 00:00:00,INR
27NOV2018,0,NORMAL,21,OPTFUT,SILVER,26FEB2019,,40750.0000,PE,3343.0000,0.0000,0.0000,0.0000,3343.0000,0,0.00,0.0000,0.0000,KGS,3796.5000,0,0,0.0000,27 NOV 2018 00:00:00,INR
27NOV2018,0,NORMAL,21,OPTFUT,SILVER,26FEB2019,,41000.0000,CE,127.0000,0.0000,0.0000,0.0000,127.0000,0,0.00,0.0000,0.0000,KGS,95.0000,0,0,0.0000,27 NOV 2018 00:00:00,INR
27NOV2018,0,NORMAL,21,OPTFUT,SILVER,26FEB2019,,41000.0000,PE,3563.5000,0.0000,0.0000,0.0000,3563.5000,0,0.00,0.0000,0.0000,KGS,4023.0000,0,0,0.0000,27 NOV 2018 00:00:00,INR
27NOV2018,0,NORMAL,21,OPTFUT,SILVER,26FEB2019,,41250.0000,CE,105.5000,0.0000,0.0000,0.0000,105.5000,0,0.00,0.0000,0.0000,KGS,78.5000,0,0,0.0000,27 NOV 2018 00:00:00,INR
27NOV2018,0,NORMAL,21,OPTFUT,SILVER,26FEB2019,,41250.0000,PE,3787.5000,0.0000,0.0000,0.0000,3787.5000,0,0.00,0.0000,0.0000,KGS,4252.5000,0,0,0.0000,27 NOV 2018 00:00:00,INR
27NOV2018,0,NORMAL,21,OPTFUT,SILVER,26FEB2019,,41500.0000,CE,87.5000,0.0000,0.0000,0.0000,87.5000,0,0.00,0.0000,0.0000,KGS,65.0000,0,0,0.0000,27 NOV 2018 00:00:00,INR
27NOV2018,0,NORMAL,21,OPTFUT,SILVER,26FEB2019,,41500.0000,PE,4015.0000,0.0000,0.0000,0.0000,4015.0000,0,0.00,0.0000,0.0000,KGS,4484.0000,0,0,0.0000,27 NOV 2018 00:00:00,INR
27NOV2018,0,NORMAL,21,OPTFUT,SILVER,26FEB2019,,41750.0000,CE,72.0000,0.0000,0.0000,0.0000,72.0000,0,0.00,0.0000,0.0000,KGS,53.5000,0,0,0.0000,27 NOV 2018 00:00:00,INR
27NOV2018,0,NORMAL,21,OPTFUT,SILVER,26FEB2019,,41750.0000,PE,4245.0000,0.0000,0.0000,0.0000,4245.0000,0,0.00,0.0000,0.0000,KGS,4718.0000,0,0,0.0000,27 NOV 2018 00:00:00,INR
27NOV2018,0,NORMAL,21,OPTFUT,SILVER,26FEB2019,,42000.0000,CE,59.0000,0.0000,0.0000,0.0000,59.0000,0,0.00,0.0000,0.0000,KGS,43.5000,0,0,0.0000,27 NOV 2018 00:00:00,INR
27NOV2018,0,NORMAL,21,OPTFUT,SILVER,26FEB2019,,42000.0000,PE,4477.5000,0.0000,0.0000,0.0000,4477.5000,0,0.00,0.0000,0.0000,KGS,4954.0000,0,0,0.0000,27 NOV 2018 00:00:00,INR
27NOV2018,0,NORMAL,21,OPTFUT,SILVER,26FEB2019,,42250.0000,CE,48.5000,0.0000,0.0000,0.0000,48.5000,0,0.00,0.0000,0.0000,KGS,35.5000,0,0,0.0000,27 NOV 2018 00:00:00,INR
27NOV2018,0,NORMAL,21,OPTFUT,SILVER,26FEB2019,,42250.0000,PE,4712.0000,0.0000,0.0000,0.0000,4712.0000,0,0.00,0.0000,0.0000,KGS,5191.5000,0,0,0.0000,27 NOV 2018 00:00:00,INR
27NOV2018,0,NORMAL,21,OPTFUT,SILVER,26FEB2019,,42500.0000,CE,39.5000,0.0000,0.0000,0.0000,39.5000,0,0.00,0.0000,0.0000,KGS,29.0000,0,0,0.0000,27 NOV 2018 00:00:00,INR
27NOV2018,0,NORMAL,21,OPTFUT,SILVER,26FEB2019,,42500.0000,PE,4948.5000,0.0000,0.0000,0.0000,4948.5000,0,0.00,0.0000,0.0000,KGS,5430.0000,0,0,0.0000,27 NOV 2018 00:00:00,INR
27NOV2018,0,NORMAL,21,OPTFUT,SILVER,26FEB2019,,42750.0000,CE,32.0000,0.0000,0.0000,0.0000,32.0000,0,0.00,0.0000,0.0000,KGS,23.5000,0,0,0.0000,27 NOV 2018 00:00:00,INR
27NOV2018,0,NORMAL,21,OPTFUT,SILVER,26FEB2019,,42750.0000,PE,5186.5000,0.0000,0.0000,0.0000,5186.5000,0,0.00,0.0000,0.0000,KGS,5670.0000,0,0,0.0000,27 NOV 2018 00:00:00,INR
27NOV2018,0,NORMAL,21,OPTFUT,SILVER,26FEB2019,,43000.0000,CE,25.5000,0.0000,0.0000,0.0000,25.5000,0,0.00,0.0000,0.0000,KGS,19.0000,0,0,0.0000,27 NOV 2018 00:00:00,INR
27NOV2018,0,NORMAL,21,OPTFUT,SILVER,26FEB2019,,43000.0000,PE,5425.5000,0.0000,0.0000,0.0000,5425.5000,0,0.00,0.0000,0.0000,KGS,5911.0000,0,0,0.0000,27 NOV 2018 00:00:00,INR
27NOV2018,0,NORMAL,21,OPTFUT,SILVER,26FEB2019,,43250.0000,CE,20.5000,0.0000,0.0000,0.0000,20.5000,0,0.00,0.0000,0.0000,KGS,15.0000,0,0,0.0000,27 NOV 2018 00:00:00,INR
27NOV2018,0,NORMAL,21,OPTFUT,SILVER,26FEB2019,,43250.0000,PE,5666.0000,0.0000,0.0000,0.0000,5666.0000,0,0.00,0.0000,0.0000,KGS,6153.0000,0,0,0.0000,27 NOV 2018 00:00:00,INR
27NOV2018,0,NORMAL,21,OPTFUT,SILVER,26FEB2019,,43500.0000,CE,16.5000,0.0000,0.0000,0.0000,16.5000,0,0.00,0.0000,0.0000,KGS,12.0000,0,0,0.0000,27 NOV 2018 00:00:00,INR
27NOV2018,0,NORMAL,21,OPTFUT,SILVER,26FEB2019,,43500.0000,PE,5907.5000,0.0000,0.0000,0.0000,5907.5000,0,0.00,0.0000,0.0000,KGS,6395.0000,0,0,0.0000,27 NOV 2018 00:00:00,INR
27NOV2018,0,NORMAL,21,OPTFUT,SILVER,26FEB2019,,43750.0000,CE,13.0000,0.0000,0.0000,0.0000,13.0000,0,0.00,0.0000,0.0000,KGS,9.5000,0,0,0.0000,27 NOV 2018 00:00:00,INR
27NOV2018,0,NORMAL,21,OPTFUT,SILVER,26FEB2019,,43750.0000,PE,6149.5000,0.0000,0.0000,0.0000,6149.5000,0,0.00,0.0000,0.0000,KGS,6638.5000,0,0,0.0000,27 NOV 2018 00:00:00,INR
27NOV2018,0,NORMAL,21,OPTFUT,SILVER,26FEB2019,,44000.0000,CE,10.5000,0.0000,0.0000,0.0000,10.5000,0,0.00,0.0000,0.0000,KGS,7.5000,0,0,0.0000,27 NOV 2018 00:00:00,INR
27NOV2018,0,NORMAL,21,OPTFUT,SILVER,26FEB2019,,44000.0000,PE,6392.5000,0.0000,0.0000,0.0000,6392.5000,0,0.00,0.0000,0.0000,KGS,6882.0000,0,0,0.0000,27 NOV 2018 00:00:00,INR
27NOV2018,0,NORMAL,21,OPTFUT,SILVER,26FEB2019,,44250.0000,CE,8.0000,0.0000,0.0000,0.0000,8.0000,0,0.00,0.0000,0.0000,KGS,6.0000,0,0,0.0000,27 NOV 2018 00:00:00,INR
27NOV2018,0,NORMAL,21,OPTFUT,SILVER,26FEB2019,,44250.0000,PE,6635.5000,0.0000,0.0000,0.0000,6635.5000,0,0.00,0.0000,0.0000,KGS,7125.5000,0,0,0.0000,27 NOV 2018 00:00:00,INR
27NOV2018,0,NORMAL,21,OPTFUT,SILVER,26FEB2019,,44500.0000,CE,6.5000,0.0000,0.0000,0.0000,6.5000,0,0.00,0.0000,0.0000,KGS,4.5000,0,0,0.0000,27 NOV 2018 00:00:00,INR
27NOV2018,0,NORMAL,21,OPTFUT,SILVER,26FEB2019,,44500.0000,PE,6879.5000,0.0000,0.0000,0.0000,6879.5000,0,0.00,0.0000,0.0000,KGS,7370.0000,0,0,0.0000,27 NOV 2018 00:00:00,INR
27NOV2018,0,NORMAL,21,OPTFUT,SILVER,26FEB2019,,44750.0000,CE,5.0000,0.0000,0.0000,0.0000,5.0000,0,0.00,0.0000,0.0000,KGS,3.5000,0,0,0.0000,27 NOV 2018 00:00:00,INR
27NOV2018,0,NORMAL,21,OPTFUT,SILVER,26FEB2019,,44750.0000,PE,7123.5000,0.0000,0.0000,0.0000,7123.5000,0,0.00,0.0000,0.0000,KGS,7614.5000,0,0,0.0000,27 NOV 2018 00:00:00,INR
27NOV2018,0,NORMAL,21,OPTFUT,SILVER,26FEB2019,,45000.0000,CE,4.0000,0.0000,0.0000,0.0000,4.0000,0,0.00,0.0000,0.0000,KGS,3.0000,0,0,0.0000,27 NOV 2018 00:00:00,INR
27NOV2018,0,NORMAL,21,OPTFUT,SILVER,26FEB2019,,45000.0000,PE,7367.5000,0.0000,0.0000,0.0000,7367.5000,0,0.00,0.0000,0.0000,KGS,7859.0000,0,0,0.0000,27 NOV 2018 00:00:00,INR
27NOV2018,0,NORMAL,21,OPTFUT,SILVER,26FEB2019,,45250.0000,CE,3.0000,0.0000,0.0000,0.0000,3.0000,0,0.00,0.0000,0.0000,KGS,2.0000,0,0,0.0000,27 NOV 2018 00:00:00,INR
27NOV2018,0,NORMAL,21,OPTFUT,SILVER,26FEB2019,,45250.0000,PE,7612.5000,0.0000,0.0000,0.0000,7612.5000,0,0.00,0.0000,0.0000,KGS,8104.0000,0,0,0.0000,27 NOV 2018 00:00:00,INR
27NOV2018,0,NORMAL,21,OPTFUT,SILVER,26FEB2019,,45500.0000,CE,2.5000,0.0000,0.0000,0.0000,2.5000,0,0.00,0.0000,0.0000,KGS,1.5000,0,0,0.0000,27 NOV 2018 00:00:00,INR
27NOV2018,0,NORMAL,21,OPTFUT,SILVER,26FEB2019,,45500.0000,PE,7857.0000,0.0000,0.0000,0.0000,7857.0000,0,0.00,0.0000,0.0000,KGS,8349.0000,0,0,0.0000,27 NOV 2018 00:00:00,INR
27NOV2018,0,NORMAL,21,OPTFUT,SILVER,26FEB2019,,45750.0000,CE,2.0000,0.0000,0.0000,0.0000,2.0000,0,0.00,0.0000,0.0000,KGS,1.5000,0,0,0.0000,27 NOV 2018 00:00:00,INR
27NOV2018,0,NORMAL,21,OPTFUT,SILVER,26FEB2019,,45750.0000,PE,8102.0000,0.0000,0.0000,0.0000,8102.0000,0,0.00,0.0000,0.0000,KGS,8594.0000,0,0,0.0000,27 NOV 2018 00:00:00,INR
27NOV2018,0,NORMAL,21,OPTFUT,SILVER,26FEB2019,,39750.0000,CE,297.5000,0.0000,0.0000,0.0000,297.5000,0,0.00,0.0000,0.0000,KGS,227.0000,0,0,0.0000,27 NOV 2018 00:00:00,INR
27NOV2018,0,NORMAL,21,OPTFUT,SILVER,26FEB2019,,39750.0000,PE,2506.5000,0.0000,0.0000,0.0000,2506.5000,0,0.00,0.0000,0.0000,KGS,2927.5000,0,0,0.0000,27 NOV 2018 00:00:00,INR
27NOV2018,0,NORMAL,21,OPTFUT,SILVER,26FEB2019,,39500.0000,CE,347.5000,0.0000,0.0000,0.0000,347.5000,0,0.00,0.0000,0.0000,KGS,266.5000,0,0,0.0000,27 NOV 2018 00:00:00,INR
27NOV2018,0,NORMAL,21,OPTFUT,SILVER,26FEB2019,,39500.0000,PE,2311.5000,0.0000,0.0000,0.0000,2311.5000,0,0.00,0.0000,0.0000,KGS,2721.5000,0,0,0.0000,27 NOV 2018 00:00:00,INR
27NOV2018,0,NORMAL,21,OPTFUT,SILVER,26FEB2019,,46000.0000,CE,1.5000,0.0000,0.0000,0.0000,1.5000,0,0.00,0.0000,0.0000,KGS,1.0000,0,0,0.0000,27 NOV 2018 00:00:00,INR
27NOV2018,0,NORMAL,21,OPTFUT,SILVER,26FEB2019,,46000.0000,PE,8347.0000,0.0000,0.0000,0.0000,8347.0000,0,0.00,0.0000,0.0000,KGS,8839.5000,0,0,0.0000,27 NOV 2018 00:00:00,INR
27NOV2018,0,NORMAL,21,OPTFUT,SILVER,26FEB2019,,46250.0000,CE,1.0000,0.0000,0.0000,0.0000,1.0000,0,0.00,0.0000,0.0000,KGS,1.0000,0,0,0.0000,27 NOV 2018 00:00:00,INR
27NOV2018,0,NORMAL,21,OPTFUT,SILVER,26FEB2019,,46250.0000,PE,8592.0000,0.0000,0.0000,0.0000,8592.0000,0,0.00,0.0000,0.0000,KGS,9084.5000,0,0,0.0000,27 NOV 2018 00:00:00,INR
27NOV2018,0,NORMAL,21,OPTFUT,SILVER,26FEB2019,,46500.0000,CE,1.0000,0.0000,0.0000,0.0000,1.0000,0,0.00,0.0000,0.0000,KGS,0.5000,0,0,0.0000,27 NOV 2018 00:00:00,INR
27NOV2018,0,NORMAL,21,OPTFUT,SILVER,26FEB2019,,46500.0000,PE,8837.5000,0.0000,0.0000,0.0000,8837.5000,0,0.00,0.0000,0.0000,KGS,9330.0000,0,0,0.0000,27 NOV 2018 00:00:00,INR
27NOV2018,0,NORMAL,21,OPTFUT,SILVER,26FEB2019,,39250.0000,CE,404.5000,0.0000,0.0000,0.0000,404.5000,0,0.00,0.0000,0.0000,KGS,311.5000,0,0,0.0000,27 NOV 2018 00:00:00,INR
27NOV2018,0,NORMAL,21,OPTFUT,SILVER,26FEB2019,,39250.0000,PE,2122.5000,0.0000,0.0000,0.0000,2122.5000,0,0.00,0.0000,0.0000,KGS,2521.5000,0,0,0.0000,27 NOV 2018 00:00:00,INR
27NOV2018,0,NORMAL,21,OPTFUT,SILVER,26FEB2019,,39000.0000,CE,468.0000,0.0000,0.0000,0.0000,468.0000,0,0.00,0.0000,0.0000,KGS,363.0000,0,0,0.0000,27 NOV 2018 00:00:00,INR
27NOV2018,0,NORMAL,21,OPTFUT,SILVER,26FEB2019,,39000.0000,PE,1941.0000,0.0000,0.0000,0.0000,1941.0000,0,0.00,0.0000,0.0000,KGS,2327.0000,0,0,0.0000,27 NOV 2018 00:00:00,INR
27NOV2018,0,NORMAL,21,OPTFUT,SILVER,26FEB2019,,38500.0000,CE,619.0000,0.0000,0.0000,0.0000,619.0000,0,0.00,0.0000,0.0000,KGS,485.0000,0,0,0.0000,27 NOV 2018 00:00:00,INR
27NOV2018,0,NORMAL,21,OPTFUT,SILVER,26FEB2019,,38500.0000,PE,1600.5000,0.0000,0.0000,0.0000,1600.5000,0,0.00,0.0000,0.0000,KGS,1958.0000,0,0,0.0000,27 NOV 2018 00:00:00,INR
27NOV2018,0,NORMAL,21,OPTFUT,SILVER,26FEB2019,,38750.0000,CE,539.5000,0.0000,0.0000,0.0000,539.5000,0,0.00,0.0000,0.0000,KGS,420.5000,0,0,0.0000,27 NOV 2018 00:00:00,INR
27NOV2018,0,NORMAL,21,OPTFUT,SILVER,26FEB2019,,38750.0000,PE,1767.0000,0.0000,0.0000,0.0000,1767.0000,0,0.00,0.0000,0.0000,KGS,2139.0000,0,0,0.0000,27 NOV 2018 00:00:00,INR
27NOV2018,0,NORMAL,21,OPTFUT,SILVER,26FEB2019,,38250.0000,CE,706.5000,0.0000,0.0000,0.0000,706.5000,0,0.00,0.0000,0.0000,KGS,557.5000,0,0,0.0000,27 NOV 2018 00:00:00,INR
27NOV2018,0,NORMAL,21,OPTFUT,SILVER,26FEB2019,,38250.0000,PE,1443.0000,0.0000,0.0000,0.0000,1443.0000,0,0.00,0.0000,0.0000,KGS,1785.0000,0,0,0.0000,27 NOV 2018 00:00:00,INR
27NOV2018,0,NORMAL,21,OPTFUT,SILVER,26FEB2019,,38000.0000,CE,803.0000,0.0000,0.0000,0.0000,803.0000,0,0.00,0.0000,0.0000,KGS,637.0000,0,0,0.0000,27 NOV 2018 00:00:00,INR
27NOV2018,0,NORMAL,21,OPTFUT,SILVER,26FEB2019,,38000.0000,PE,1294.0000,0.0000,0.0000,0.0000,1294.0000,0,0.00,0.0000,0.0000,KGS,1619.0000,0,0,0.0000,27 NOV 2018 00:00:00,INR
27NOV2018,0,NORMAL,21,OPTFUT,SILVER,26FEB2019,,37500.0000,CE,1023.0000,0.0000,0.0000,0.0000,1023.0000,0,0.00,0.0000,0.0000,KGS,822.0000,0,0,0.0000,27 NOV 2018 00:00:00,INR
27NOV2018,0,NORMAL,21,OPTFUT,SILVER,26FEB2019,,37500.0000,PE,1023.0000,0.0000,0.0000,0.0000,1023.0000,0,0.00,0.0000,0.0000,KGS,1313.0000,0,0,0.0000,27 NOV 2018 00:00:00,INR
27NOV2018,0,NORMAL,21,OPTFUT,SILVER,26FEB2019,,37750.0000,CE,908.5000,0.0000,0.0000,0.0000,908.5000,0,0.00,0.0000,0.0000,KGS,725.5000,0,0,0.0000,27 NOV 2018 00:00:00,INR
27NOV2018,0,NORMAL,21,OPTFUT,SILVER,26FEB2019,,37750.0000,PE,1154.0000,0.0000,0.0000,0.0000,1154.0000,0,0.00,0.0000,0.0000,KGS,1462.0000,0,0,0.0000,27 NOV 2018 00:00:00,INR
27NOV2018,0,NORMAL,21,OPTFUT,SILVER,26FEB2019,,37250.0000,CE,1147.0000,0.0000,0.0000,0.0000,1147.0000,0,0.00,0.0000,0.0000,KGS,927.5000,0,0,0.0000,27 NOV 2018 00:00:00,INR
27NOV2018,0,NORMAL,21,OPTFUT,SILVER,26FEB2019,,37250.0000,PE,901.5000,0.0000,0.0000,0.0000,901.5000,0,0.00,0.0000,0.0000,KGS,1173.0000,0,0,0.0000,27 NOV 2018 00:00:00,INR
27NOV2018,0,NORMAL,21,OPTFUT,SILVER,26FEB2019,,37000.0000,CE,1280.5000,0.0000,0.0000,0.0000,1280.5000,0,0.00,0.0000,0.0000,KGS,1042.5000,0,0,0.0000,27 NOV 2018 00:00:00,INR
27NOV2018,0,NORMAL,21,OPTFUT,SILVER,26FEB2019,,37000.0000,PE,789.5000,0.0000,0.0000,0.0000,789.5000,0,0.00,0.0000,0.0000,KGS,1042.5000,0,0,0.0000,27 NOV 2018 00:00:00,INR
27NOV2018,0,NORMAL,21,OPTFUT,SILVER,26FEB2019,,36000.0000,CE,1906.0000,0.0000,0.0000,0.0000,1906.0000,0,0.00,0.0000,0.0000,KGS,1593.0000,0,0,0.0000,27 NOV 2018 00:00:00,INR
27NOV2018,0,NORMAL,21,OPTFUT,SILVER,26FEB2019,,36000.0000,PE,433.5000,0.0000,0.0000,0.0000,433.5000,0,0.00,0.0000,0.0000,KGS,611.0000,0,0,0.0000,27 NOV 2018 00:00:00,INR
27NOV2018,0,NORMAL,21,OPTFUT,SILVER,26FEB2019,,36250.0000,CE,1736.5000,0.0000,0.0000,0.0000,1736.5000,0,0.00,0.0000,0.0000,KGS,1441.5000,0,0,0.0000,27 NOV 2018 00:00:00,INR
27NOV2018,0,NORMAL,21,OPTFUT,SILVER,26FEB2019,,36250.0000,PE,509.0000,0.0000,0.0000,0.0000,509.0000,0,0.00,0.0000,0.0000,KGS,705.0000,0,0,0.0000,27 NOV 2018 00:00:00,INR
27NOV2018,0,NORMAL,21,OPTFUT,SILVER,26FEB2019,,36500.0000,CE,1575.5000,0.0000,0.0000,0.0000,1575.5000,0,0.00,0.0000,0.0000,KGS,1299.5000,0,0,0.0000,27 NOV 2018 00:00:00,INR
27NOV2018,0,NORMAL,21,OPTFUT,SILVER,26FEB2019,,36500.0000,PE,593.5000,0.0000,0.0000,0.0000,593.5000,0,0.00,0.0000,0.0000,KGS,808.5000,0,0,0.0000,27 NOV 2018 00:00:00,INR
27NOV2018,0,NORMAL,21,OPTFUT,SILVER,26FEB2019,,36750.0000,CE,1423.0000,0.0000,0.0000,0.0000,1423.0000,0,0.00,0.0000,0.0000,KGS,1166.0000,0,0,0.0000,27 NOV 2018 00:00:00,INR
27NOV2018,0,NORMAL,21,OPTFUT,SILVER,26FEB2019,,36750.0000,PE,687.0000,0.0000,0.0000,0.0000,687.0000,0,0.00,0.0000,0.0000,KGS,920.5000,0,0,0.0000,27 NOV 2018 00:00:00,INR
27NOV2018,0,NORMAL,21,OPTFUT,SILVER,26FEB2019,,35750.0000,CE,2084.5000,0.0000,0.0000,0.0000,2084.5000,0,0.00,0.0000,0.0000,KGS,1753.5000,0,0,0.0000,27 NOV 2018 00:00:00,INR
27NOV2018,0,NORMAL,21,OPTFUT,SILVER,26FEB2019,,35750.0000,PE,366.0000,0.0000,0.0000,0.0000,366.0000,0,0.00,0.0000,0.0000,KGS,525.5000,0,0,0.0000,27 NOV 2018 00:00:00,INR
27NOV2018,0,NORMAL,21,OPTFUT,SILVER,26FEB2019,,35000.0000,CE,2664.5000,0.0000,0.0000,0.0000,2664.5000,0,0.00,0.0000,0.0000,KGS,2284.5000,0,0,0.0000,27 NOV 2018 00:00:00,INR
27NOV2018,0,NORMAL,21,OPTFUT,SILVER,26FEB2019,,35000.0000,PE,210.0000,0.0000,0.0000,0.0000,210.0000,0,0.00,0.0000,0.0000,KGS,320.5000,0,0,0.0000,27 NOV 2018 00:00:00,INR
27NOV2018,0,NORMAL,21,OPTFUT,SILVER,26FEB2019,,35250.0000,CE,2464.0000,0.0000,0.0000,0.0000,2464.0000,0,0.00,0.0000,0.0000,KGS,2099.5000,0,0,0.0000,27 NOV 2018 00:00:00,INR
27NOV2018,0,NORMAL,21,OPTFUT,SILVER,26FEB2019,,35250.0000,PE,255.0000,0.0000,0.0000,0.0000,255.0000,0,0.00,0.0000,0.0000,KGS,381.0000,0,0,0.0000,27 NOV 2018 00:00:00,INR
27NOV2018,0,NORMAL,21,OPTFUT,SILVER,26FEB2019,,35500.0000,CE,2270.5000,0.0000,0.0000,0.0000,2270.5000,0,0.00,0.0000,0.0000,KGS,1922.0000,0,0,0.0000,27 NOV 2018 00:00:00,INR
27NOV2018,0,NORMAL,21,OPTFUT,SILVER,26FEB2019,,35500.0000,PE,307.0000,0.0000,0.0000,0.0000,307.0000,0,0.00,0.0000,0.0000,KGS,449.0000,0,0,0.0000,27 NOV 2018 00:00:00,INR
27NOV2018,0,NORMAL,21,OPTFUT,SILVER,26APR2019,,40750.0000,CE,504.5000,0.0000,0.0000,0.0000,504.5000,0,0.00,0.0000,0.0000,KGS,476.0000,0,0,0.0000,27 NOV 2018 00:00:00,INR
27NOV2018,0,NORMAL,21,OPTFUT,SILVER,26APR2019,,40750.0000,PE,1443.0000,0.0000,0.0000,0.0000,1443.0000,0,0.00,0.0000,0.0000,KGS,1414.5000,0,0,0.0000,27 NOV 2018 00:00:00,INR
27NOV2018,0,NORMAL,21,OPTFUT,SILVER,26APR2019,,41000.0000,CE,429.5000,0.0000,0.0000,0.0000,429.5000,0,0.00,0.0000,0.0000,KGS,402.5000,0,0,0.0000,27 NOV 2018 00:00:00,INR
27NOV2018,0,NORMAL,21,OPTFUT,SILVER,26APR2019,,41000.0000,PE,1610.5000,0.0000,0.0000,0.0000,1610.5000,0,0.00,0.0000,0.0000,KGS,1583.5000,0,0,0.0000,27 NOV 2018 00:00:00,INR
27NOV2018,0,NORMAL,21,OPTFUT,SILVER,26APR2019,,41250.0000,CE,363.5000,0.0000,0.0000,0.0000,363.5000,0,0.00,0.0000,0.0000,KGS,338.0000,0,0,0.0000,27 NOV 2018 00:00:00,INR
27NOV2018,0,NORMAL,21,OPTFUT,SILVER,26APR2019,,41250.0000,PE,1787.0000,0.0000,0.0000,0.0000,1787.0000,0,0.00,0.0000,0.0000,KGS,1761.5000,0,0,0.0000,27 NOV 2018 00:00:00,INR
27NOV2018,0,NORMAL,21,OPTFUT,SILVER,26APR2019,,41500.0000,CE,305.5000,0.0000,0.0000,0.0000,305.5000,0,0.00,0.0000,0.0000,KGS,281.5000,0,0,0.0000,27 NOV 2018 00:00:00,INR
27NOV2018,0,NORMAL,21,OPTFUT,SILVER,26APR2019,,41500.0000,PE,1971.5000,0.0000,0.0000,0.0000,1971.5000,0,0.00,0.0000,0.0000,KGS,1948.0000,0,0,0.0000,27 NOV 2018 00:00:00,INR
27NOV2018,0,NORMAL,21,OPTFUT,SILVER,26APR2019,,41750.0000,CE,255.0000,0.0000,0.0000,0.0000,255.0000,0,0.00,0.0000,0.0000,KGS,233.0000,0,0,0.0000,27 NOV 2018 00:00:00,INR
27NOV2018,0,NORMAL,21,OPTFUT,SILVER,26APR2019,,41750.0000,PE,2164.0000,0.0000,0.0000,0.0000,2164.0000,0,0.00,0.0000,0.0000,KGS,2142.5000,0,0,0.0000,27 NOV 2018 00:00:00,INR
27NOV2018,0,NORMAL,21,OPTFUT,SILVER,26APR2019,,42000.0000,CE,212.0000,0.0000,0.0000,0.0000,212.0000,0,0.00,0.0000,0.0000,KGS,191.5000,0,0,0.0000,27 NOV 2018 00:00:00,INR
27NOV2018,0,NORMAL,21,OPTFUT,SILVER,26APR2019,,42000.0000,PE,2363.0000,0.0000,0.0000,0.0000,2363.0000,0,0.00,0.0000,0.0000,KGS,2343.5000,0,0,0.0000,27 NOV 2018 00:00:00,INR
27NOV2018,0,NORMAL,21,OPTFUT,SILVER,26APR2019,,42250.0000,CE,174.5000,0.0000,0.0000,0.0000,174.5000,0,0.00,0.0000,0.0000,KGS,156.5000,0,0,0.0000,27 NOV 2018 00:00:00,INR
27NOV2018,0,NORMAL,21,OPTFUT,SILVER,26APR2019,,42250.0000,PE,2568.5000,0.0000,0.0000,0.0000,2568.5000,0,0.00,0.0000,0.0000,KGS,2551.0000,0,0,0.0000,27 NOV 2018 00:00:00,INR
27NOV2018,0,NORMAL,21,OPTFUT,SILVER,26APR2019,,42500.0000,CE,143.0000,0.0000,0.0000,0.0000,143.0000,0,0.00,0.0000,0.0000,KGS,127.0000,0,0,0.0000,27 NOV 2018 00:00:00,INR
27NOV2018,0,NORMAL,21,OPTFUT,SILVER,26APR2019,,42500.0000,PE,2779.5000,0.0000,0.0000,0.0000,2779.5000,0,0.00,0.0000,0.0000,KGS,2764.0000,0,0,0.0000,27 NOV 2018 00:00:00,INR
27NOV2018,0,NORMAL,21,OPTFUT,SILVER,26APR2019,,42750.0000,CE,116.5000,0.0000,0.0000,0.0000,116.5000,0,0.00,0.0000,0.0000,KGS,102.0000,0,0,0.0000,27 NOV 2018 00:00:00,INR
27NOV2018,0,NORMAL,21,OPTFUT,SILVER,26APR2019,,42750.0000,PE,2995.5000,0.0000,0.0000,0.0000,2995.5000,0,0.00,0.0000,0.0000,KGS,2981.5000,0,0,0.0000,27 NOV 2018 00:00:00,INR
27NOV2018,0,NORMAL,21,OPTFUT,SILVER,26APR2019,,43000.0000,CE,94.0000,0.0000,0.0000,0.0000,94.0000,0,0.00,0.0000,0.0000,KGS,81.5000,0,0,0.0000,27 NOV 2018 00:00:00,INR
27NOV2018,0,NORMAL,21,OPTFUT,SILVER,26APR2019,,43000.0000,PE,3216.0000,0.0000,0.0000,0.0000,3216.0000,0,0.00,0.0000,0.0000,KGS,3204.0000,0,0,0.0000,27 NOV 2018 00:00:00,INR
27NOV2018,0,NORMAL,21,OPTFUT,SILVER,26APR2019,,43250.0000,CE,75.5000,0.0000,0.0000,0.0000,75.5000,0,0.00,0.0000,0.0000,KGS,64.5000,0,0,0.0000,27 NOV 2018 00:00:00,INR
27NOV2018,0,NORMAL,21,OPTFUT,SILVER,26APR2019,,43250.0000,PE,3440.0000,0.0000,0.0000,0.0000,3440.0000,0,0.00,0.0000,0.0000,KGS,3429.5000,0,0,0.0000,27 NOV 2018 00:00:00,INR
27NOV2018,0,NORMAL,21,OPTFUT,SILVER,26APR2019,,43500.0000,CE,60.5000,0.0000,0.0000,0.0000,60.5000,0,0.00,0.0000,0.0000,KGS,51.0000,0,0,0.0000,27 NOV 2018 00:00:00,INR
27NOV2018,0,NORMAL,21,OPTFUT,SILVER,26APR2019,,43500.0000,PE,3667.0000,0.0000,0.0000,0.0000,3667.0000,0,0.00,0.0000,0.0000,KGS,3658.5000,0,0,0.0000,27 NOV 2018 00:00:00,INR
27NOV2018,0,NORMAL,21,OPTFUT,SILVER,26APR2019,,43750.0000,CE,48.0000,0.0000,0.0000,0.0000,48.0000,0,0.00,0.0000,0.0000,KGS,40.0000,0,0,0.0000,27 NOV 2018 00:00:00,INR
27NOV2018,0,NORMAL,21,OPTFUT,SILVER,26APR2019,,43750.0000,PE,3897.5000,0.0000,0.0000,0.0000,3897.5000,0,0.00,0.0000,0.0000,KGS,3890.0000,0,0,0.0000,27 NOV 2018 00:00:00,INR
27NOV2018,0,NORMAL,21,OPTFUT,SILVER,26APR2019,,44000.0000,CE,37.5000,0.0000,0.0000,0.0000,37.5000,0,0.00,0.0000,0.0000,KGS,31.0000,0,0,0.0000,27 NOV 2018 00:00:00,INR
27NOV2018,0,NORMAL,21,OPTFUT,SILVER,26APR2019,,44000.0000,PE,4129.5000,0.0000,0.0000,0.0000,4129.5000,0,0.00,0.0000,0.0000,KGS,4124.0000,0,0,0.0000,27 NOV 2018 00:00:00,INR
27NOV2018,0,NORMAL,21,OPTFUT,SILVER,26APR2019,,44250.0000,CE,29.5000,0.0000,0.0000,0.0000,29.5000,0,0.00,0.0000,0.0000,KGS,24.0000,0,0,0.0000,27 NOV 2018 00:00:00,INR
27NOV2018,0,NORMAL,21,OPTFUT,SILVER,26APR2019,,44250.0000,PE,4364.0000,0.0000,0.0000,0.0000,4364.0000,0,0.00,0.0000,0.0000,KGS,4359.5000,0,0,0.0000,27 NOV 2018 00:00:00,INR
27NOV2018,0,NORMAL,21,OPTFUT,SILVER,26APR2019,,44500.0000,CE,23.0000,0.0000,0.0000,0.0000,23.0000,0,0.00,0.0000,0.0000,KGS,18.5000,0,0,0.0000,27 NOV 2018 00:00:00,INR
27NOV2018,0,NORMAL,21,OPTFUT,SILVER,26APR2019,,44500.0000,PE,4600.0000,0.0000,0.0000,0.0000,4600.0000,0,0.00,0.0000,0.0000,KGS,4596.5000,0,0,0.0000,27 NOV 2018 00:00:00,INR
27NOV2018,0,NORMAL,21,OPTFUT,SILVER,26APR2019,,44750.0000,CE,17.5000,0.0000,0.0000,0.0000,17.5000,0,0.00,0.0000,0.0000,KGS,14.0000,0,0,0.0000,27 NOV 2018 00:00:00,INR
27NOV2018,0,NORMAL,21,OPTFUT,SILVER,26APR2019,,44750.0000,PE,4837.5000,0.0000,0.0000,0.0000,4837.5000,0,0.00,0.0000,0.0000,KGS,4834.5000,0,0,0.0000,27 NOV 2018 00:00:00,INR
27NOV2018,0,NORMAL,21,OPTFUT,SILVER,26APR2019,,45000.0000,CE,13.5000,0.0000,0.0000,0.0000,13.5000,0,0.00,0.0000,0.0000,KGS,10.5000,0,0,0.0000,27 NOV 2018 00:00:00,INR
27NOV2018,0,NORMAL,21,OPTFUT,SILVER,26APR2019,,45000.0000,PE,5076.0000,0.0000,0.0000,0.0000,5076.0000,0,0.00,0.0000,0.0000,KGS,5074.0000,0,0,0.0000,27 NOV 2018 00:00:00,INR
27NOV2018,0,NORMAL,21,OPTFUT,SILVER,26APR2019,,45250.0000,CE,10.5000,0.0000,0.0000,0.0000,10.5000,0,0.00,0.0000,0.0000,KGS,8.0000,0,0,0.0000,27 NOV 2018 00:00:00,INR
27NOV2018,0,NORMAL,21,OPTFUT,SILVER,26APR2019,,45250.0000,PE,5315.5000,0.0000,0.0000,0.0000,5315.5000,0,0.00,0.0000,0.0000,KGS,5314.0000,0,0,0.0000,27 NOV 2018 00:00:00,INR
27NOV2018,0,NORMAL,21,OPTFUT,SILVER,26APR2019,,45500.0000,CE,8.0000,0.0000,0.0000,0.0000,8.0000,0,0.00,0.0000,0.0000,KGS,6.0000,0,0,0.0000,27 NOV 2018 00:00:00,INR
27NOV2018,0,NORMAL,21,OPTFUT,SILVER,26APR2019,,45500.0000,PE,5555.5000,0.0000,0.0000,0.0000,5555.5000,0,0.00,0.0000,0.0000,KGS,5554.5000,0,0,0.0000,27 NOV 2018 00:00:00,INR
27NOV2018,0,NORMAL,21,OPTFUT,SILVER,26APR2019,,45750.0000,CE,6.0000,0.0000,0.0000,0.0000,6.0000,0,0.00,0.0000,0.0000,KGS,4.5000,0,0,0.0000,27 NOV 2018 00:00:00,INR
27NOV2018,0,NORMAL,21,OPTFUT,SILVER,26APR2019,,45750.0000,PE,5796.0000,0.0000,0.0000,0.0000,5796.0000,0,0.00,0.0000,0.0000,KGS,5795.5000,0,0,0.0000,27 NOV 2018 00:00:00,INR
27NOV2018,0,NORMAL,21,OPTFUT,SILVER,26APR2019,,40500.0000,CE,588.5000,0.0000,0.0000,0.0000,588.5000,0,0.00,0.0000,0.0000,KGS,559.0000,0,0,0.0000,27 NOV 2018 00:00:00,INR
27NOV2018,0,NORMAL,21,OPTFUT,SILVER,26APR2019,,40500.0000,PE,1284.5000,0.0000,0.0000,0.0000,1284.5000,0,0.00,0.0000,0.0000,KGS,1255.0000,0,0,0.0000,27 NOV 2018 00:00:00,INR
27NOV2018,0,NORMAL,21,OPTFUT,SILVER,26APR2019,,46000.0000,CE,4.5000,0.0000,0.0000,0.0000,4.5000,0,0.00,0.0000,0.0000,KGS,3.0000,0,0,0.0000,27 NOV 2018 00:00:00,INR
27NOV2018,0,NORMAL,21,OPTFUT,SILVER,26APR2019,,46000.0000,PE,6037.0000,0.0000,0.0000,0.0000,6037.0000,0,0.00,0.0000,0.0000,KGS,6037.0000,0,0,0.0000,27 NOV 2018 00:00:00,INR
27NOV2018,0,NORMAL,21,OPTFUT,SILVER,26APR2019,,46250.0000,CE,3.5000,0.0000,0.0000,0.0000,3.5000,0,0.00,0.0000,0.0000,KGS,2.5000,0,0,0.0000,27 NOV 2018 00:00:00,INR
27NOV2018,0,NORMAL,21,OPTFUT,SILVER,26APR2019,,46250.0000,PE,6278.5000,0.0000,0.0000,0.0000,6278.5000,0,0.00,0.0000,0.0000,KGS,6279.0000,0,0,0.0000,27 NOV 2018 00:00:00,INR
27NOV2018,0,NORMAL,21,OPTFUT,SILVER,26APR2019,,40250.0000,CE,683.0000,0.0000,0.0000,0.0000,683.0000,0,0.00,0.0000,0.0000,KGS,652.5000,0,0,0.0000,27 NOV 2018 00:00:00,INR
27NOV2018,0,NORMAL,21,OPTFUT,SILVER,26APR2019,,40250.0000,PE,1136.0000,0.0000,0.0000,0.0000,1136.0000,0,0.00,0.0000,0.0000,KGS,1105.5000,0,0,0.0000,27 NOV 2018 00:00:00,INR
27NOV2018,0,NORMAL,21,OPTFUT,SILVER,26APR2019,,40000.0000,CE,787.0000,0.0000,0.0000,0.0000,787.0000,0,0.00,0.0000,0.0000,KGS,756.0000,0,0,0.0000,27 NOV 2018 00:00:00,INR
27NOV2018,0,NORMAL,21,OPTFUT,SILVER,26APR2019,,40000.0000,PE,997.5000,0.0000,0.0000,0.0000,997.5000,0,0.00,0.0000,0.0000,KGS,967.0000,0,0,0.0000,27 NOV 2018 00:00:00,INR
27NOV2018,0,NORMAL,21,OPTFUT,SILVER,26APR2019,,46500.0000,CE,2.5000,0.0000,0.0000,0.0000,2.5000,0,0.00,0.0000,0.0000,KGS,1.5000,0,0,0.0000,27 NOV 2018 00:00:00,INR
27NOV2018,0,NORMAL,21,OPTFUT,SILVER,26APR2019,,46500.0000,PE,6520.5000,0.0000,0.0000,0.0000,6520.5000,0,0.00,0.0000,0.0000,KGS,6521.0000,0,0,0.0000,27 NOV 2018 00:00:00,INR
27NOV2018,0,NORMAL,21,OPTFUT,SILVER,26APR2019,,46750.0000,CE,2.0000,0.0000,0.0000,0.0000,2.0000,0,0.00,0.0000,0.0000,KGS,1.0000,0,0,0.0000,27 NOV 2018 00:00:00,INR
27NOV2018,0,NORMAL,21,OPTFUT,SILVER,26APR2019,,46750.0000,PE,6762.5000,0.0000,0.0000,0.0000,6762.5000,0,0.00,0.0000,0.0000,KGS,6763.0000,0,0,0.0000,27 NOV 2018 00:00:00,INR
27NOV2018,0,NORMAL,21,OPTFUT,SILVER,26APR2019,,47000.0000,CE,1.5000,0.0000,0.0000,0.0000,1.5000,0,0.00,0.0000,0.0000,KGS,1.0000,0,0,0.0000,27 NOV 2018 00:00:00,INR
27NOV2018,0,NORMAL,21,OPTFUT,SILVER,26APR2019,,47000.0000,PE,7004.5000,0.0000,0.0000,0.0000,7004.5000,0,0.00,0.0000,0.0000,KGS,7005.5000,0,0,0.0000,27 NOV 2018 00:00:00,INR
27NOV2018,0,NORMAL,21,OPTFUT,SILVER,26APR2019,,47250.0000,CE,1.0000,0.0000,0.0000,0.0000,1.0000,0,0.00,0.0000,0.0000,KGS,0.5000,0,0,0.0000,27 NOV 2018 00:00:00,INR
27NOV2018,0,NORMAL,21,OPTFUT,SILVER,26APR2019,,47250.0000,PE,7246.5000,0.0000,0.0000,0.0000,7246.5000,0,0.00,0.0000,0.0000,KGS,7248.0000,0,0,0.0000,27 NOV 2018 00:00:00,INR
27NOV2018,0,NORMAL,21,OPTFUT,SILVER,26APR2019,,39750.0000,CE,901.5000,0.0000,0.0000,0.0000,901.5000,0,0.00,0.0000,0.0000,KGS,871.0000,0,0,0.0000,27 NOV 2018 00:00:00,INR
27NOV2018,0,NORMAL,21,OPTFUT,SILVER,26APR2019,,39750.0000,PE,869.5000,0.0000,0.0000,0.0000,869.5000,0,0.00,0.0000,0.0000,KGS,839.0000,0,0,0.0000,27 NOV 2018 00:00:00,INR
27NOV2018,0,NORMAL,21,OPTFUT,SILVER,26APR2019,,39500.0000,CE,1027.0000,0.0000,0.0000,0.0000,1027.0000,0,0.00,0.0000,0.0000,KGS,996.5000,0,0,0.0000,27 NOV 2018 00:00:00,INR
27NOV2018,0,NORMAL,21,OPTFUT,SILVER,26APR2019,,39500.0000,PE,752.0000,0.0000,0.0000,0.0000,752.0000,0,0.00,0.0000,0.0000,KGS,721.5000,0,0,0.0000,27 NOV 2018 00:00:00,INR
27NOV2018,0,NORMAL,21,OPTFUT,SILVER,26APR2019,,39000.0000,CE,1309.0000,0.0000,0.0000,0.0000,1309.0000,0,0.00,0.0000,0.0000,KGS,1280.5000,0,0,0.0000,27 NOV 2018 00:00:00,INR
27NOV2018,0,NORMAL,21,OPTFUT,SILVER,26APR2019,,39000.0000,PE,549.0000,0.0000,0.0000,0.0000,549.0000,0,0.00,0.0000,0.0000,KGS,520.5000,0,0,0.0000,27 NOV 2018 00:00:00,INR
27NOV2018,0,NORMAL,21,OPTFUT,SILVER,26APR2019,,39250.0000,CE,1162.5000,0.0000,0.0000,0.0000,1162.5000,0,0.00,0.0000,0.0000,KGS,1133.0000,0,0,0.0000,27 NOV 2018 00:00:00,INR
27NOV2018,0,NORMAL,21,OPTFUT,SILVER,26APR2019,,39250.0000,PE,645.5000,0.0000,0.0000,0.0000,645.5000,0,0.00,0.0000,0.0000,KGS,615.5000,0,0,0.0000,27 NOV 2018 00:00:00,INR
27NOV2018,0,NORMAL,21,OPTFUT,SILVER,26APR2019,,38250.0000,CE,1807.5000,0.0000,0.0000,0.0000,1807.5000,0,0.00,0.0000,0.0000,KGS,1784.0000,0,0,0.0000,27 NOV 2018 00:00:00,INR
27NOV2018,0,NORMAL,21,OPTFUT,SILVER,26APR2019,,38250.0000,PE,320.0000,0.0000,0.0000,0.0000,320.0000,0,0.00,0.0000,0.0000,KGS,296.5000,0,0,0.0000,27 NOV 2018 00:00:00,INR
27NOV2018,0,NORMAL,21,OPTFUT,SILVER,26APR2019,,38500.0000,CE,1632.0000,0.0000,0.0000,0.0000,1632.0000,0,0.00,0.0000,0.0000,KGS,1606.5000,0,0,0.0000,27 NOV 2018 00:00:00,INR
27NOV2018,0,NORMAL,21,OPTFUT,SILVER,26APR2019,,38500.0000,PE,387.0000,0.0000,0.0000,0.0000,387.0000,0,0.00,0.0000,0.0000,KGS,361.0000,0,0,0.0000,27 NOV 2018 00:00:00,INR
27NOV2018,0,NORMAL,21,OPTFUT,SILVER,26APR2019,,38750.0000,CE,1465.5000,0.0000,0.0000,0.0000,1465.5000,0,0.00,0.0000,0.0000,KGS,1438.0000,0,0,0.0000,27 NOV 2018 00:00:00,INR
27NOV2018,0,NORMAL,21,OPTFUT,SILVER,26APR2019,,38750.0000,PE,463.0000,0.0000,0.0000,0.0000,463.0000,0,0.00,0.0000,0.0000,KGS,435.5000,0,0,0.0000,27 NOV 2018 00:00:00,INR
27NOV2018,0,NORMAL,21,OPTFUT,SILVER,26APR2019,,38000.0000,CE,1992.5000,0.0000,0.0000,0.0000,1992.5000,0,0.00,0.0000,0.0000,KGS,1971.0000,0,0,0.0000,27 NOV 2018 00:00:00,INR
27NOV2018,0,NORMAL,21,OPTFUT,SILVER,26APR2019,,38000.0000,PE,262.0000,0.0000,0.0000,0.0000,262.0000,0,0.00,0.0000,0.0000,KGS,240.5000,0,0,0.0000,27 NOV 2018 00:00:00,INR
27NOV2018,0,NORMAL,21,OPTFUT,SILVER,26APR2019,,37750.0000,CE,2185.5000,0.0000,0.0000,0.0000,2185.5000,0,0.00,0.0000,0.0000,KGS,2166.0000,0,0,0.0000,27 NOV 2018 00:00:00,INR
27NOV2018,0,NORMAL,21,OPTFUT,SILVER,26APR2019,,37750.0000,PE,212.5000,0.0000,0.0000,0.0000,212.5000,0,0.00,0.0000,0.0000,KGS,193.0000,0,0,0.0000,27 NOV 2018 00:00:00,INR
27NOV2018,0,NORMAL,21,OPTFUT,SILVER,26APR2019,,37500.0000,CE,2386.0000,0.0000,0.0000,0.0000,2386.0000,0,0.00,0.0000,0.0000,KGS,2369.0000,0,0,0.0000,27 NOV 2018 00:00:00,INR
27NOV2018,0,NORMAL,21,OPTFUT,SILVER,26APR2019,,37500.0000,PE,170.5000,0.0000,0.0000,0.0000,170.5000,0,0.00,0.0000,0.0000,KGS,153.0000,0,0,0.0000,27 NOV 2018 00:00:00,INR
27NOV2018,0,NORMAL,21,OPTFUT,SILVER,26APR2019,,36500.0000,CE,3248.5000,0.0000,0.0000,0.0000,3248.5000,0,0.00,0.0000,0.0000,KGS,3240.0000,0,0,0.0000,27 NOV 2018 00:00:00,INR
27NOV2018,0,NORMAL,21,OPTFUT,SILVER,26APR2019,,36500.0000,PE,62.5000,0.0000,0.0000,0.0000,62.5000,0,0.00,0.0000,0.0000,KGS,53.5000,0,0,0.0000,27 NOV 2018 00:00:00,INR
27NOV2018,0,NORMAL,21,OPTFUT,SILVER,26APR2019,,36750.0000,CE,3025.0000,0.0000,0.0000,0.0000,3025.0000,0,0.00,0.0000,0.0000,KGS,3014.5000,0,0,0.0000,27 NOV 2018 00:00:00,INR
27NOV2018,0,NORMAL,21,OPTFUT,SILVER,26APR2019,,36750.0000,PE,82.0000,0.0000,0.0000,0.0000,82.0000,0,0.00,0.0000,0.0000,KGS,71.0000,0,0,0.0000,27 NOV 2018 00:00:00,INR
27NOV2018,0,NORMAL,21,OPTFUT,SILVER,26APR2019,,37000.0000,CE,2806.5000,0.0000,0.0000,0.0000,2806.5000,0,0.00,0.0000,0.0000,KGS,2794.0000,0,0,0.0000,27 NOV 2018 00:00:00,INR
27NOV2018,0,NORMAL,21,OPTFUT,SILVER,26APR2019,,37000.0000,PE,106.0000,0.0000,0.0000,0.0000,106.0000,0,0.00,0.0000,0.0000,KGS,93.0000,0,0,0.0000,27 NOV 2018 00:00:00,INR
27NOV2018,0,NORMAL,21,OPTFUT,SILVER,26APR2019,,37250.0000,CE,2593.0000,0.0000,0.0000,0.0000,2593.0000,0,0.00,0.0000,0.0000,KGS,2578.5000,0,0,0.0000,27 NOV 2018 00:00:00,INR
27NOV2018,0,NORMAL,21,OPTFUT,SILVER,26APR2019,,37250.0000,PE,135.0000,0.0000,0.0000,0.0000,135.0000,0,0.00,0.0000,0.0000,KGS,120.0000,0,0,0.0000,27 NOV 2018 00:00:00,INR
27NOV2018,0,NORMAL,21,OPTFUT,SILVER,26APR2019,,36250.0000,CE,3475.5000,0.0000,0.0000,0.0000,3475.5000,0,0.00,0.0000,0.0000,KGS,3468.5000,0,0,0.0000,27 NOV 2018 00:00:00,INR
27NOV2018,0,NORMAL,21,OPTFUT,SILVER,26APR2019,,36250.0000,PE,47.5000,0.0000,0.0000,0.0000,47.5000,0,0.00,0.0000,0.0000,KGS,39.5000,0,0,0.0000,27 NOV 2018 00:00:00,INR
27NOV2018,0,NORMAL,21,OPTFUT,SILVER,26APR2019,,35500.0000,CE,4175.0000,0.0000,0.0000,0.0000,4175.0000,0,0.00,0.0000,0.0000,KGS,4172.0000,0,0,0.0000,27 NOV 2018 00:00:00,INR
27NOV2018,0,NORMAL,21,OPTFUT,SILVER,26APR2019,,35500.0000,PE,19.0000,0.0000,0.0000,0.0000,19.0000,0,0.00,0.0000,0.0000,KGS,15.0000,0,0,0.0000,27 NOV 2018 00:00:00,INR
27NOV2018,0,NORMAL,21,OPTFUT,SILVER,26APR2019,,35750.0000,CE,3939.5000,0.0000,0.0000,0.0000,3939.5000,0,0.00,0.0000,0.0000,KGS,3935.5000,0,0,0.0000,27 NOV 2018 00:00:00,INR
27NOV2018,0,NORMAL,21,OPTFUT,SILVER,26APR2019,,35750.0000,PE,26.0000,0.0000,0.0000,0.0000,26.0000,0,0.00,0.0000,0.0000,KGS,21.0000,0,0,0.0000,27 NOV 2018 00:00:00,INR
27NOV2018,0,NORMAL,21,OPTFUT,SILVER,26APR2019,,36000.0000,CE,3706.0000,0.0000,0.0000,0.0000,3706.0000,0,0.00,0.0000,0.0000,KGS,3701.0000,0,0,0.0000,27 NOV 2018 00:00:00,INR
27NOV2018,0,NORMAL,21,OPTFUT,SILVER,26APR2019,,36000.0000,PE,35.5000,0.0000,0.0000,0.0000,35.5000,0,0.00,0.0000,0.0000,KGS,29.0000,0,0,0.0000,27 NOV 2018 00:00:00,INR
27NOV2018,0,NORMAL,21,OPTFUT,SILVER,26JUN2019,,39500.0000,CE,1449.0000,0.0000,0.0000,0.0000,1449.0000,0,0.00,0.0000,0.0000,KGS,1415.0000,0,0,0.0000,27 NOV 2018 00:00:00,INR
27NOV2018,0,NORMAL,21,OPTFUT,SILVER,26JUN2019,,39500.0000,PE,687.5000,0.0000,0.0000,0.0000,687.5000,0,0.00,0.0000,0.0000,KGS,653.5000,0,0,0.0000,27 NOV 2018 00:00:00,INR
27NOV2018,0,NORMAL,21,OPTFUT,SILVER,26JUN2019,,39750.0000,CE,1308.5000,0.0000,0.0000,0.0000,1308.5000,0,0.00,0.0000,0.0000,KGS,1273.5000,0,0,0.0000,27 NOV 2018 00:00:00,INR
27NOV2018,0,NORMAL,21,OPTFUT,SILVER,26JUN2019,,39750.0000,PE,787.0000,0.0000,0.0000,0.0000,787.0000,0,0.00,0.0000,0.0000,KGS,752.0000,0,0,0.0000,27 NOV 2018 00:00:00,INR
27NOV2018,0,NORMAL,21,OPTFUT,SILVER,26JUN2019,,40000.0000,CE,1177.0000,0.0000,0.0000,0.0000,1177.0000,0,0.00,0.0000,0.0000,KGS,1141.5000,0,0,0.0000,27 NOV 2018 00:00:00,INR
27NOV2018,0,NORMAL,21,OPTFUT,SILVER,26JUN2019,,40000.0000,PE,895.0000,0.0000,0.0000,0.0000,895.0000,0,0.00,0.0000,0.0000,KGS,859.5000,0,0,0.0000,27 NOV 2018 00:00:00,INR
27NOV2018,0,NORMAL,21,OPTFUT,SILVER,26JUN2019,,40250.0000,CE,1054.5000,0.0000,0.0000,0.0000,1054.5000,0,0.00,0.0000,0.0000,KGS,1018.5000,0,0,0.0000,27 NOV 2018 00:00:00,INR
27NOV2018,0,NORMAL,21,OPTFUT,SILVER,26JUN2019,,40250.0000,PE,1012.5000,0.0000,0.0000,0.0000,1012.5000,0,0.00,0.0000,0.0000,KGS,976.0000,0,0,0.0000,27 NOV 2018 00:00:00,INR
27NOV2018,0,NORMAL,21,OPTFUT,SILVER,26JUN2019,,40500.0000,CE,940.5000,0.0000,0.0000,0.0000,940.5000,0,0.00,0.0000,0.0000,KGS,904.5000,0,0,0.0000,27 NOV 2018 00:00:00,INR
27NOV2018,0,NORMAL,21,OPTFUT,SILVER,26JUN2019,,40500.0000,PE,1138.0000,0.0000,0.0000,0.0000,1138.0000,0,0.00,0.0000,0.0000,KGS,1102.0000,0,0,0.0000,27 NOV 2018 00:00:00,INR
27NOV2018,0,NORMAL,21,OPTFUT,SILVER,26JUN2019,,40750.0000,CE,835.5000,0.0000,0.0000,0.0000,835.5000,0,0.00,0.0000,0.0000,KGS,800.0000,0,0,0.0000,27 NOV 2018 00:00:00,INR
27NOV2018,0,NORMAL,21,OPTFUT,SILVER,26JUN2019,,40750.0000,PE,1273.0000,0.0000,0.0000,0.0000,1273.0000,0,0.00,0.0000,0.0000,KGS,1237.0000,0,0,0.0000,27 NOV 2018 00:00:00,INR
27NOV2018,0,NORMAL,21,OPTFUT,SILVER,26JUN2019,,41000.0000,CE,739.0000,0.0000,0.0000,0.0000,739.0000,0,0.00,0.0000,0.0000,KGS,704.0000,0,0,0.0000,27 NOV 2018 00:00:00,INR
27NOV2018,0,NORMAL,21,OPTFUT,SILVER,26JUN2019,,41000.0000,PE,1416.0000,0.0000,0.0000,0.0000,1416.0000,0,0.00,0.0000,0.0000,KGS,1381.0000,0,0,0.0000,27 NOV 2018 00:00:00,INR
27NOV2018,0,NORMAL,21,OPTFUT,SILVER,26JUN2019,,41250.0000,CE,651.0000,0.0000,0.0000,0.0000,651.0000,0,0.00,0.0000,0.0000,KGS,616.5000,0,0,0.0000,27 NOV 2018 00:00:00,INR
27NOV2018,0,NORMAL,21,OPTFUT,SILVER,26JUN2019,,41250.0000,PE,1567.5000,0.0000,0.0000,0.0000,1567.5000,0,0.00,0.0000,0.0000,KGS,1533.5000,0,0,0.0000,27 NOV 2018 00:00:00,INR
27NOV2018,0,NORMAL,21,OPTFUT,SILVER,26JUN2019,,41500.0000,CE,571.0000,0.0000,0.0000,0.0000,571.0000,0,0.00,0.0000,0.0000,KGS,537.5000,0,0,0.0000,27 NOV 2018 00:00:00,INR
27NOV2018,0,NORMAL,21,OPTFUT,SILVER,26JUN2019,,41500.0000,PE,1727.0000,0.0000,0.0000,0.0000,1727.0000,0,0.00,0.0000,0.0000,KGS,1694.0000,0,0,0.0000,27 NOV 2018 00:00:00,INR
27NOV2018,0,NORMAL,21,OPTFUT,SILVER,26JUN2019,,41750.0000,CE,498.5000,0.0000,0.0000,0.0000,498.5000,0,0.00,0.0000,0.0000,KGS,466.5000,0,0,0.0000,27 NOV 2018 00:00:00,INR
27NOV2018,0,NORMAL,21,OPTFUT,SILVER,26JUN2019,,41750.0000,PE,1894.0000,0.0000,0.0000,0.0000,1894.0000,0,0.00,0.0000,0.0000,KGS,1862.5000,0,0,0.0000,27 NOV 2018 00:00:00,INR
27NOV2018,0,NORMAL,21,OPTFUT,SILVER,26JUN2019,,42000.0000,CE,433.0000,0.0000,0.0000,0.0000,433.0000,0,0.00,0.0000,0.0000,KGS,403.0000,0,0,0.0000,27 NOV 2018 00:00:00,INR
27NOV2018,0,NORMAL,21,OPTFUT,SILVER,26JUN2019,,42000.0000,PE,2068.5000,0.0000,0.0000,0.0000,2068.5000,0,0.00,0.0000,0.0000,KGS,2038.5000,0,0,0.0000,27 NOV 2018 00:00:00,INR
27NOV2018,0,NORMAL,21,OPTFUT,SILVER,26JUN2019,,42250.0000,CE,375.0000,0.0000,0.0000,0.0000,375.0000,0,0.00,0.0000,0.0000,KGS,346.5000,0,0,0.0000,27 NOV 2018 00:00:00,INR
27NOV2018,0,NORMAL,21,OPTFUT,SILVER,26JUN2019,,42250.0000,PE,2250.0000,0.0000,0.0000,0.0000,2250.0000,0,0.00,0.0000,0.0000,KGS,2222.0000,0,0,0.0000,27 NOV 2018 00:00:00,INR
27NOV2018,0,NORMAL,21,OPTFUT,SILVER,26JUN2019,,42500.0000,CE,323.0000,0.0000,0.0000,0.0000,323.0000,0,0.00,0.0000,0.0000,KGS,296.0000,0,0,0.0000,27 NOV 2018 00:00:00,INR
27NOV2018,0,NORMAL,21,OPTFUT,SILVER,26JUN2019,,42500.0000,PE,2438.0000,0.0000,0.0000,0.0000,2438.0000,0,0.00,0.0000,0.0000,KGS,2411.5000,0,0,0.0000,27 NOV 2018 00:00:00,INR
27NOV2018,0,NORMAL,21,OPTFUT,SILVER,26JUN2019,,42750.0000,CE,277.0000,0.0000,0.0000,0.0000,277.0000,0,0.00,0.0000,0.0000,KGS,252.0000,0,0,0.0000,27 NOV 2018 00:00:00,INR
27NOV2018,0,NORMAL,21,OPTFUT,SILVER,26JUN2019,,42750.0000,PE,2631.5000,0.0000,0.0000,0.0000,2631.5000,0,0.00,0.0000,0.0000,KGS,2607.0000,0,0,0.0000,27 NOV 2018 00:00:00,INR
27NOV2018,0,NORMAL,21,OPTFUT,SILVER,26JUN2019,,43000.0000,CE,236.5000,0.0000,0.0000,0.0000,236.5000,0,0.00,0.0000,0.0000,KGS,213.5000,0,0,0.0000,27 NOV 2018 00:00:00,INR
27NOV2018,0,NORMAL,21,OPTFUT,SILVER,26JUN2019,,43000.0000,PE,2830.5000,0.0000,0.0000,0.0000,2830.5000,0,0.00,0.0000,0.0000,KGS,2808.0000,0,0,0.0000,27 NOV 2018 00:00:00,INR
27NOV2018,0,NORMAL,21,OPTFUT,SILVER,26JUN2019,,43250.0000,CE,201.0000,0.0000,0.0000,0.0000,201.0000,0,0.00,0.0000,0.0000,KGS,180.0000,0,0,0.0000,27 NOV 2018 00:00:00,INR
27NOV2018,0,NORMAL,21,OPTFUT,SILVER,26JUN2019,,43250.0000,PE,3035.0000,0.0000,0.0000,0.0000,3035.0000,0,0.00,0.0000,0.0000,KGS,3014.5000,0,0,0.0000,27 NOV 2018 00:00:00,INR
27NOV2018,0,NORMAL,21,OPTFUT,SILVER,26JUN2019,,43500.0000,CE,170.0000,0.0000,0.0000,0.0000,170.0000,0,0.00,0.0000,0.0000,KGS,151.0000,0,0,0.0000,27 NOV 2018 00:00:00,INR
27NOV2018,0,NORMAL,21,OPTFUT,SILVER,26JUN2019,,43500.0000,PE,3243.5000,0.0000,0.0000,0.0000,3243.5000,0,0.00,0.0000,0.0000,KGS,3225.0000,0,0,0.0000,27 NOV 2018 00:00:00,INR
27NOV2018,0,NORMAL,21,OPTFUT,SILVER,26JUN2019,,43750.0000,CE,143.5000,0.0000,0.0000,0.0000,143.5000,0,0.00,0.0000,0.0000,KGS,126.0000,0,0,0.0000,27 NOV 2018 00:00:00,INR
27NOV2018,0,NORMAL,21,OPTFUT,SILVER,26JUN2019,,43750.0000,PE,3456.5000,0.0000,0.0000,0.0000,3456.5000,0,0.00,0.0000,0.0000,KGS,3440.0000,0,0,0.0000,27 NOV 2018 00:00:00,INR
27NOV2018,0,NORMAL,21,OPTFUT,SILVER,26JUN2019,,44000.0000,CE,120.5000,0.0000,0.0000,0.0000,120.5000,0,0.00,0.0000,0.0000,KGS,105.0000,0,0,0.0000,27 NOV 2018 00:00:00,INR
27NOV2018,0,NORMAL,21,OPTFUT,SILVER,26JUN2019,,44000.0000,PE,3673.0000,0.0000,0.0000,0.0000,3673.0000,0,0.00,0.0000,0.0000,KGS,3658.0000,0,0,0.0000,27 NOV 2018 00:00:00,INR
27NOV2018,0,NORMAL,21,OPTFUT,SILVER,26JUN2019,,44250.0000,CE,100.5000,0.0000,0.0000,0.0000,100.5000,0,0.00,0.0000,0.0000,KGS,86.5000,0,0,0.0000,27 NOV 2018 00:00:00,INR
27NOV2018,0,NORMAL,21,OPTFUT,SILVER,26JUN2019,,44250.0000,PE,3893.0000,0.0000,0.0000,0.0000,3893.0000,0,0.00,0.0000,0.0000,KGS,3880.0000,0,0,0.0000,27 NOV 2018 00:00:00,INR
27NOV2018,0,NORMAL,21,OPTFUT,SILVER,26JUN2019,,44500.0000,CE,83.5000,0.0000,0.0000,0.0000,83.5000,0,0.00,0.0000,0.0000,KGS,71.5000,0,0,0.0000,27 NOV 2018 00:00:00,INR
27NOV2018,0,NORMAL,21,OPTFUT,SILVER,26JUN2019,,44500.0000,PE,4115.5000,0.0000,0.0000,0.0000,4115.5000,0,0.00,0.0000,0.0000,KGS,4104.0000,0,0,0.0000,27 NOV 2018 00:00:00,INR
27NOV2018,0,NORMAL,21,OPTFUT,SILVER,26JUN2019,,39000.0000,CE,1755.5000,0.0000,0.0000,0.0000,1755.5000,0,0.00,0.0000,0.0000,KGS,1724.0000,0,0,0.0000,27 NOV 2018 00:00:00,INR
27NOV2018,0,NORMAL,21,OPTFUT,SILVER,26JUN2019,,39000.0000,PE,515.0000,0.0000,0.0000,0.0000,515.0000,0,0.00,0.0000,0.0000,KGS,483.5000,0,0,0.0000,27 NOV 2018 00:00:00,INR
27NOV2018,0,NORMAL,21,OPTFUT,SILVER,26JUN2019,,39250.0000,CE,1598.0000,0.0000,0.0000,0.0000,1598.0000,0,0.00,0.0000,0.0000,KGS,1565.0000,0,0,0.0000,27 NOV 2018 00:00:00,INR
27NOV2018,0,NORMAL,21,OPTFUT,SILVER,26JUN2019,,39250.0000,PE,597.0000,0.0000,0.0000,0.0000,597.0000,0,0.00,0.0000,0.0000,KGS,564.0000,0,0,0.0000,27 NOV 2018 00:00:00,INR
27NOV2018,0,NORMAL,21,OPTFUT,SILVER,26JUN2019,,38750.0000,CE,1921.0000,0.0000,0.0000,0.0000,1921.0000,0,0.00,0.0000,0.0000,KGS,1891.5000,0,0,0.0000,27 NOV 2018 00:00:00,INR
27NOV2018,0,NORMAL,21,OPTFUT,SILVER,26JUN2019,,38750.0000,PE,441.0000,0.0000,0.0000,0.0000,441.0000,0,0.00,0.0000,0.0000,KGS,411.0000,0,0,0.0000,27 NOV 2018 00:00:00,INR
27NOV2018,0,NORMAL,21,OPTFUT,SILVER,26JUN2019,,38500.0000,CE,2095.0000,0.0000,0.0000,0.0000,2095.0000,0,0.00,0.0000,0.0000,KGS,2067.5000,0,0,0.0000,27 NOV 2018 00:00:00,INR
27NOV2018,0,NORMAL,21,OPTFUT,SILVER,26JUN2019,,38500.0000,PE,375.0000,0.0000,0.0000,0.0000,375.0000,0,0.00,0.0000,0.0000,KGS,347.0000,0,0,0.0000,27 NOV 2018 00:00:00,INR
27NOV2018,0,NORMAL,21,OPTFUT,SILVER,26JUN2019,,38250.0000,CE,2276.0000,0.0000,0.0000,0.0000,2276.0000,0,0.00,0.0000,0.0000,KGS,2250.5000,0,0,0.0000,27 NOV 2018 00:00:00,INR
27NOV2018,0,NORMAL,21,OPTFUT,SILVER,26JUN2019,,38250.0000,PE,316.5000,0.0000,0.0000,0.0000,316.5000,0,0.00,0.0000,0.0000,KGS,290.5000,0,0,0.0000,27 NOV 2018 00:00:00,INR
27NOV2018,0,NORMAL,21,OPTFUT,SILVER,26JUN2019,,38000.0000,CE,2464.5000,0.0000,0.0000,0.0000,2464.5000,0,0.00,0.0000,0.0000,KGS,2441.0000,0,0,0.0000,27 NOV 2018 00:00:00,INR
27NOV2018,0,NORMAL,21,OPTFUT,SILVER,26JUN2019,,38000.0000,PE,265.0000,0.0000,0.0000,0.0000,265.0000,0,0.00,0.0000,0.0000,KGS,241.5000,0,0,0.0000,27 NOV 2018 00:00:00,INR
27NOV2018,0,NORMAL,21,OPTFUT,SILVER,26JUN2019,,37250.0000,CE,3066.5000,0.0000,0.0000,0.0000,3066.5000,0,0.00,0.0000,0.0000,KGS,3050.0000,0,0,0.0000,27 NOV 2018 00:00:00,INR
27NOV2018,0,NORMAL,21,OPTFUT,SILVER,26JUN2019,,37250.0000,PE,148.5000,0.0000,0.0000,0.0000,148.5000,0,0.00,0.0000,0.0000,KGS,131.0000,0,0,0.0000,27 NOV 2018 00:00:00,INR
27NOV2018,0,NORMAL,21,OPTFUT,SILVER,26JUN2019,,37500.0000,CE,2860.0000,0.0000,0.0000,0.0000,2860.0000,0,0.00,0.0000,0.0000,KGS,2841.5000,0,0,0.0000,27 NOV 2018 00:00:00,INR
27NOV2018,0,NORMAL,21,OPTFUT,SILVER,26JUN2019,,37500.0000,PE,181.5000,0.0000,0.0000,0.0000,181.5000,0,0.00,0.0000,0.0000,KGS,162.5000,0,0,0.0000,27 NOV 2018 00:00:00,INR
27NOV2018,0,NORMAL,21,OPTFUT,SILVER,26JUN2019,,37750.0000,CE,2659.0000,0.0000,0.0000,0.0000,2659.0000,0,0.00,0.0000,0.0000,KGS,2638.0000,0,0,0.0000,27 NOV 2018 00:00:00,INR
27NOV2018,0,NORMAL,21,OPTFUT,SILVER,26JUN2019,,37750.0000,PE,220.5000,0.0000,0.0000,0.0000,220.5000,0,0.00,0.0000,0.0000,KGS,199.0000,0,0,0.0000,27 NOV 2018 00:00:00,INR
27NOV2018,0,NORMAL,21,OPTFUT,SILVER,26JUN2019,,37000.0000,CE,3278.0000,0.0000,0.0000,0.0000,3278.0000,0,0.00,0.0000,0.0000,KGS,3263.5000,0,0,0.0000,27 NOV 2018 00:00:00,INR
27NOV2018,0,NORMAL,21,OPTFUT,SILVER,26JUN2019,,37000.0000,PE,120.0000,0.0000,0.0000,0.0000,120.0000,0,0.00,0.0000,0.0000,KGS,105.0000,0,0,0.0000,27 NOV 2018 00:00:00,INR
27NOV2018,0,NORMAL,21,OPTFUT,SILVER,26JUN2019,,36750.0000,CE,3494.0000,0.0000,0.0000,0.0000,3494.0000,0,0.00,0.0000,0.0000,KGS,3481.5000,0,0,0.0000,27 NOV 2018 00:00:00,INR
27NOV2018,0,NORMAL,21,OPTFUT,SILVER,26JUN2019,,36750.0000,PE,96.5000,0.0000,0.0000,0.0000,96.5000,0,0.00,0.0000,0.0000,KGS,83.5000,0,0,0.0000,27 NOV 2018 00:00:00,INR
27NOV2018,0,NORMAL,21,OPTFUT,SILVER,26JUN2019,,36000.0000,CE,4163.5000,0.0000,0.0000,0.0000,4163.5000,0,0.00,0.0000,0.0000,KGS,4156.5000,0,0,0.0000,27 NOV 2018 00:00:00,INR
27NOV2018,0,NORMAL,21,OPTFUT,SILVER,26JUN2019,,36000.0000,PE,47.0000,0.0000,0.0000,0.0000,47.0000,0,0.00,0.0000,0.0000,KGS,39.0000,0,0,0.0000,27 NOV 2018 00:00:00,INR
27NOV2018,0,NORMAL,21,OPTFUT,SILVER,26JUN2019,,36250.0000,CE,3937.0000,0.0000,0.0000,0.0000,3937.0000,0,0.00,0.0000,0.0000,KGS,3928.5000,0,0,0.0000,27 NOV 2018 00:00:00,INR
27NOV2018,0,NORMAL,21,OPTFUT,SILVER,26JUN2019,,36250.0000,PE,60.5000,0.0000,0.0000,0.0000,60.5000,0,0.00,0.0000,0.0000,KGS,51.0000,0,0,0.0000,27 NOV 2018 00:00:00,INR
27NOV2018,0,NORMAL,21,OPTFUT,SILVER,26JUN2019,,36500.0000,CE,3714.0000,0.0000,0.0000,0.0000,3714.0000,0,0.00,0.0000,0.0000,KGS,3703.5000,0,0,0.0000,27 NOV 2018 00:00:00,INR
27NOV2018,0,NORMAL,21,OPTFUT,SILVER,26JUN2019,,36500.0000,PE,76.5000,0.0000,0.0000,0.0000,76.5000,0,0.00,0.0000,0.0000,KGS,65.5000,0,0,0.0000,27 NOV 2018 00:00:00,INR
27NOV2018,0,NORMAL,21,OPTFUT,SILVER,28AUG2019,,37000.0000,CE,3719.5000,0.0000,0.0000,0.0000,3719.5000,0,0.00,0.0000,0.0000,KGS,3704.0000,0,0,0.0000,27 NOV 2018 00:00:00,INR
27NOV2018,0,NORMAL,21,OPTFUT,SILVER,28AUG2019,,37000.0000,PE,126.0000,0.0000,0.0000,0.0000,126.0000,0,0.00,0.0000,0.0000,KGS,109.5000,0,0,0.0000,27 NOV 2018 00:00:00,INR
27NOV2018,0,NORMAL,21,OPTFUT,SILVER,28AUG2019,,37250.0000,CE,3509.5000,0.0000,0.0000,0.0000,3509.5000,0,0.00,0.0000,0.0000,KGS,3492.0000,0,0,0.0000,27 NOV 2018 00:00:00,INR
27NOV2018,0,NORMAL,21,OPTFUT,SILVER,28AUG2019,,37250.0000,PE,152.5000,0.0000,0.0000,0.0000,152.5000,0,0.00,0.0000,0.0000,KGS,134.0000,0,0,0.0000,27 NOV 2018 00:00:00,INR
27NOV2018,0,NORMAL,21,OPTFUT,SILVER,28AUG2019,,37500.0000,CE,3303.5000,0.0000,0.0000,0.0000,3303.5000,0,0.00,0.0000,0.0000,KGS,3283.5000,0,0,0.0000,27 NOV 2018 00:00:00,INR
27NOV2018,0,NORMAL,21,OPTFUT,SILVER,28AUG2019,,37500.0000,PE,183.0000,0.0000,0.0000,0.0000,183.0000,0,0.00,0.0000,0.0000,KGS,162.5000,0,0,0.0000,27 NOV 2018 00:00:00,INR
27NOV2018,0,NORMAL,21,OPTFUT,SILVER,28AUG2019,,37750.0000,CE,3102.0000,0.0000,0.0000,0.0000,3102.0000,0,0.00,0.0000,0.0000,KGS,3080.0000,0,0,0.0000,27 NOV 2018 00:00:00,INR
27NOV2018,0,NORMAL,21,OPTFUT,SILVER,28AUG2019,,37750.0000,PE,218.5000,0.0000,0.0000,0.0000,218.5000,0,0.00,0.0000,0.0000,KGS,196.0000,0,0,0.0000,27 NOV 2018 00:00:00,INR
27NOV2018,0,NORMAL,21,OPTFUT,SILVER,28AUG2019,,38000.0000,CE,2906.0000,0.0000,0.0000,0.0000,2906.0000,0,0.00,0.0000,0.0000,KGS,2881.5000,0,0,0.0000,27 NOV 2018 00:00:00,INR
27NOV2018,0,NORMAL,21,OPTFUT,SILVER,28AUG2019,,38000.0000,PE,259.0000,0.0000,0.0000,0.0000,259.0000,0,0.00,0.0000,0.0000,KGS,234.0000,0,0,0.0000,27 NOV 2018 00:00:00,INR
27NOV2018,0,NORMAL,21,OPTFUT,SILVER,28AUG2019,,38250.0000,CE,2715.5000,0.0000,0.0000,0.0000,2715.5000,0,0.00,0.0000,0.0000,KGS,2688.5000,0,0,0.0000,27 NOV 2018 00:00:00,INR
27NOV2018,0,NORMAL,21,OPTFUT,SILVER,28AUG2019,,38250.0000,PE,305.0000,0.0000,0.0000,0.0000,305.0000,0,0.00,0.0000,0.0000,KGS,278.0000,0,0,0.0000,27 NOV 2018 00:00:00,INR
27NOV2018,0,NORMAL,21,OPTFUT,SILVER,28AUG2019,,38500.0000,CE,2530.5000,0.0000,0.0000,0.0000,2530.5000,0,0.00,0.0000,0.0000,KGS,2501.5000,0,0,0.0000,27 NOV 2018 00:00:00,INR
27NOV2018,0,NORMAL,21,OPTFUT,SILVER,28AUG2019,,38500.0000,PE,357.0000,0.0000,0.0000,0.0000,357.0000,0,0.00,0.0000,0.0000,KGS,327.5000,0,0,0.0000,27 NOV 2018 00:00:00,INR
27NOV2018,0,NORMAL,21,OPTFUT,SILVER,28AUG2019,,38750.0000,CE,2352.0000,0.0000,0.0000,0.0000,2352.0000,0,0.00,0.0000,0.0000,KGS,2321.0000,0,0,0.0000,27 NOV 2018 00:00:00,INR
27NOV2018,0,NORMAL,21,OPTFUT,SILVER,28AUG2019,,38750.0000,PE,415.0000,0.0000,0.0000,0.0000,415.0000,0,0.00,0.0000,0.0000,KGS,383.5000,0,0,0.0000,27 NOV 2018 00:00:00,INR
27NOV2018,0,NORMAL,21,OPTFUT,SILVER,28AUG2019,,39000.0000,CE,2179.5000,0.0000,0.0000,0.0000,2179.5000,0,0.00,0.0000,0.0000,KGS,2146.5000,0,0,0.0000,27 NOV 2018 00:00:00,INR
27NOV2018,0,NORMAL,21,OPTFUT,SILVER,28AUG2019,,39000.0000,PE,479.5000,0.0000,0.0000,0.0000,479.5000,0,0.00,0.0000,0.0000,KGS,446.0000,0,0,0.0000,27 NOV 2018 00:00:00,INR
27NOV2018,0,NORMAL,21,OPTFUT,SILVER,28AUG2019,,39250.0000,CE,2014.5000,0.0000,0.0000,0.0000,2014.5000,0,0.00,0.0000,0.0000,KGS,1979.5000,0,0,0.0000,27 NOV 2018 00:00:00,INR
27NOV2018,0,NORMAL,21,OPTFUT,SILVER,28AUG2019,,39250.0000,PE,551.0000,0.0000,0.0000,0.0000,551.0000,0,0.00,0.0000,0.0000,KGS,516.0000,0,0,0.0000,27 NOV 2018 00:00:00,INR
27NOV2018,0,NORMAL,21,OPTFUT,SILVER,28AUG2019,,39500.0000,CE,1856.5000,0.0000,0.0000,0.0000,1856.5000,0,0.00,0.0000,0.0000,KGS,1820.0000,0,0,0.0000,27 NOV 2018 00:00:00,INR
27NOV2018,0,NORMAL,21,OPTFUT,SILVER,28AUG2019,,39500.0000,PE,629.5000,0.0000,0.0000,0.0000,629.5000,0,0.00,0.0000,0.0000,KGS,593.0000,0,0,0.0000,27 NOV 2018 00:00:00,INR
27NOV2018,0,NORMAL,21,OPTFUT,SILVER,28AUG2019,,39750.0000,CE,1705.5000,0.0000,0.0000,0.0000,1705.5000,0,0.00,0.0000,0.0000,KGS,1668.0000,0,0,0.0000,27 NOV 2018 00:00:00,INR
27NOV2018,0,NORMAL,21,OPTFUT,SILVER,28AUG2019,,39750.0000,PE,715.5000,0.0000,0.0000,0.0000,715.5000,0,0.00,0.0000,0.0000,KGS,677.5000,0,0,0.0000,27 NOV 2018 00:00:00,INR
27NOV2018,0,NORMAL,21,OPTFUT,SILVER,28AUG2019,,40000.0000,CE,1562.5000,0.0000,0.0000,0.0000,1562.5000,0,0.00,0.0000,0.0000,KGS,1523.5000,0,0,0.0000,27 NOV 2018 00:00:00,INR
27NOV2018,0,NORMAL,21,OPTFUT,SILVER,28AUG2019,,40000.0000,PE,809.0000,0.0000,0.0000,0.0000,809.0000,0,0.00,0.0000,0.0000,KGS,770.0000,0,0,0.0000,27 NOV 2018 00:00:00,INR
27NOV2018,0,NORMAL,21,OPTFUT,SILVER,28AUG2019,,40250.0000,CE,1427.0000,0.0000,0.0000,0.0000,1427.0000,0,0.00,0.0000,0.0000,KGS,1387.0000,0,0,0.0000,27 NOV 2018 00:00:00,INR
27NOV2018,0,NORMAL,21,OPTFUT,SILVER,28AUG2019,,40250.0000,PE,910.0000,0.0000,0.0000,0.0000,910.0000,0,0.00,0.0000,0.0000,KGS,870.0000,0,0,0.0000,27 NOV 2018 00:00:00,INR
27NOV2018,0,NORMAL,21,OPTFUT,SILVER,28AUG2019,,40500.0000,CE,1299.0000,0.0000,0.0000,0.0000,1299.0000,0,0.00,0.0000,0.0000,KGS,1258.5000,0,0,0.0000,27 NOV 2018 00:00:00,INR
27NOV2018,0,NORMAL,21,OPTFUT,SILVER,28AUG2019,,40500.0000,PE,1019.0000,0.0000,0.0000,0.0000,1019.0000,0,0.00,0.0000,0.0000,KGS,978.5000,0,0,0.0000,27 NOV 2018 00:00:00,INR
27NOV2018,0,NORMAL,21,OPTFUT,SILVER,28AUG2019,,40750.0000,CE,1179.0000,0.0000,0.0000,0.0000,1179.0000,0,0.00,0.0000,0.0000,KGS,1138.5000,0,0,0.0000,27 NOV 2018 00:00:00,INR
27NOV2018,0,NORMAL,21,OPTFUT,SILVER,28AUG2019,,40750.0000,PE,1135.5000,0.0000,0.0000,0.0000,1135.5000,0,0.00,0.0000,0.0000,KGS,1094.5000,0,0,0.0000,27 NOV 2018 00:00:00,INR
27NOV2018,0,NORMAL,21,OPTFUT,SILVER,28AUG2019,,41000.0000,CE,1067.0000,0.0000,0.0000,0.0000,1067.0000,0,0.00,0.0000,0.0000,KGS,1026.0000,0,0,0.0000,27 NOV 2018 00:00:00,INR
27NOV2018,0,NORMAL,21,OPTFUT,SILVER,28AUG2019,,41000.0000,PE,1260.0000,0.0000,0.0000,0.0000,1260.0000,0,0.00,0.0000,0.0000,KGS,1219.0000,0,0,0.0000,27 NOV 2018 00:00:00,INR
27NOV2018,0,NORMAL,21,OPTFUT,SILVER,28AUG2019,,41250.0000,CE,962.0000,0.0000,0.0000,0.0000,962.0000,0,0.00,0.0000,0.0000,KGS,921.5000,0,0,0.0000,27 NOV 2018 00:00:00,INR
27NOV2018,0,NORMAL,21,OPTFUT,SILVER,28AUG2019,,41250.0000,PE,1392.0000,0.0000,0.0000,0.0000,1392.0000,0,0.00,0.0000,0.0000,KGS,1351.0000,0,0,0.0000,27 NOV 2018 00:00:00,INR
27NOV2018,0,NORMAL,21,OPTFUT,SILVER,28AUG2019,,41500.0000,CE,865.0000,0.0000,0.0000,0.0000,865.0000,0,0.00,0.0000,0.0000,KGS,824.5000,0,0,0.0000,27 NOV 2018 00:00:00,INR
27NOV2018,0,NORMAL,21,OPTFUT,SILVER,28AUG2019,,41500.0000,PE,1531.0000,0.0000,0.0000,0.0000,1531.0000,0,0.00,0.0000,0.0000,KGS,1491.0000,0,0,0.0000,27 NOV 2018 00:00:00,INR
27NOV2018,0,NORMAL,21,OPTFUT,SILVER,28AUG2019,,41750.0000,CE,775.0000,0.0000,0.0000,0.0000,775.0000,0,0.00,0.0000,0.0000,KGS,735.5000,0,0,0.0000,27 NOV 2018 00:00:00,INR
27NOV2018,0,NORMAL,21,OPTFUT,SILVER,28AUG2019,,41750.0000,PE,1678.0000,0.0000,0.0000,0.0000,1678.0000,0,0.00,0.0000,0.0000,KGS,1638.5000,0,0,0.0000,27 NOV 2018 00:00:00,INR
27NOV2018,0,NORMAL,21,OPTFUT,SILVER,28AUG2019,,42000.0000,CE,692.0000,0.0000,0.0000,0.0000,692.0000,0,0.00,0.0000,0.0000,KGS,653.5000,0,0,0.0000,27 NOV 2018 00:00:00,INR
27NOV2018,0,NORMAL,21,OPTFUT,SILVER,28AUG2019,,42000.0000,PE,1831.5000,0.0000,0.0000,0.0000,1831.5000,0,0.00,0.0000,0.0000,KGS,1793.5000,0,0,0.0000,27 NOV 2018 00:00:00,INR
27NOV2018,0,NORMAL,21,OPTFUT,SILVER,28AUG2019,,42250.0000,CE,616.0000,0.0000,0.0000,0.0000,616.0000,0,0.00,0.0000,0.0000,KGS,578.5000,0,0,0.0000,27 NOV 2018 00:00:00,INR
27NOV2018,0,NORMAL,21,OPTFUT,SILVER,28AUG2019,,42250.0000,PE,1992.5000,0.0000,0.0000,0.0000,1992.5000,0,0.00,0.0000,0.0000,KGS,1955.5000,0,0,0.0000,27 NOV 2018 00:00:00,INR
27NOV2018,0,NORMAL,21,OPTFUT,SILVER,28AUG2019,,42500.0000,CE,546.5000,0.0000,0.0000,0.0000,546.5000,0,0.00,0.0000,0.0000,KGS,510.5000,0,0,0.0000,27 NOV 2018 00:00:00,INR
27NOV2018,0,NORMAL,21,OPTFUT,SILVER,28AUG2019,,42500.0000,PE,2159.5000,0.0000,0.0000,0.0000,2159.5000,0,0.00,0.0000,0.0000,KGS,2124.0000,0,0,0.0000,27 NOV 2018 00:00:00,INR
27NOV2018,0,NORMAL,21,OPTFUT,SILVER,28AUG2019,,42750.0000,CE,483.0000,0.0000,0.0000,0.0000,483.0000,0,0.00,0.0000,0.0000,KGS,448.5000,0,0,0.0000,27 NOV 2018 00:00:00,INR
27NOV2018,0,NORMAL,21,OPTFUT,SILVER,28AUG2019,,42750.0000,PE,2333.0000,0.0000,0.0000,0.0000,2333.0000,0,0.00,0.0000,0.0000,KGS,2299.0000,0,0,0.0000,27 NOV 2018 00:00:00,INR
27NOV2018,0,NORMAL,21,OPTFUT,SILVER,28AUG2019,,43000.0000,CE,425.5000,0.0000,0.0000,0.0000,425.5000,0,0.00,0.0000,0.0000,KGS,393.0000,0,0,0.0000,27 NOV 2018 00:00:00,INR
27NOV2018,0,NORMAL,21,OPTFUT,SILVER,28AUG2019,,43000.0000,PE,2512.0000,0.0000,0.0000,0.0000,2512.0000,0,0.00,0.0000,0.0000,KGS,2480.0000,0,0,0.0000,27 NOV 2018 00:00:00,INR
27NOV2018,0,NORMAL,21,OPTFUT,SILVER,28AUG2019,,43250.0000,CE,374.0000,0.0000,0.0000,0.0000,374.0000,0,0.00,0.0000,0.0000,KGS,343.0000,0,0,0.0000,27 NOV 2018 00:00:00,INR
27NOV2018,0,NORMAL,21,OPTFUT,SILVER,28AUG2019,,43250.0000,PE,2697.0000,0.0000,0.0000,0.0000,2697.0000,0,0.00,0.0000,0.0000,KGS,2666.5000,0,0,0.0000,27 NOV 2018 00:00:00,INR
27NOV2018,0,NORMAL,21,OPTFUT,ZINC,28NOV2018,,165.0000,CE,22.7900,0.0000,0.0000,0.0000,22.7900,0,0.00,0.0000,0.0000,KGS,26.5400,0,0,0.0000,27 NOV 2018 00:00:00,INR
27NOV2018,0,NORMAL,21,OPTFUT,ZINC,28NOV2018,,165.0000,PE,0.0100,0.0000,0.0000,0.0000,0.0100,0,0.00,0.0000,0.0000,KGS,0.0100,0,0,0.0000,27 NOV 2018 00:00:00,INR
27NOV2018,0,NORMAL,21,OPTFUT,ZINC,28NOV2018,,167.5000,CE,20.2900,0.0000,0.0000,0.0000,20.2900,0,0.00,0.0000,0.0000,KGS,24.0500,0,0,0.0000,27 NOV 2018 00:00:00,INR
27NOV2018,0,NORMAL,21,OPTFUT,ZINC,28NOV2018,,167.5000,PE,0.0100,0.0000,0.0000,0.0000,0.0100,0,0.00,0.0000,0.0000,KGS,0.0100,0,0,0.0000,27 NOV 2018 00:00:00,INR
27NOV2018,0,NORMAL,21,OPTFUT,ZINC,28NOV2018,,170.0000,CE,17.7900,0.0000,0.0000,0.0000,17.7900,0,0.00,0.0000,0.0000,KGS,21.5500,0,0,0.0000,27 NOV 2018 00:00:00,INR
27NOV2018,0,NORMAL,21,OPTFUT,ZINC,28NOV2018,,170.0000,PE,0.0100,0.0000,0.0000,0.0000,0.0100,0,0.00,0.0000,0.0000,KGS,0.0100,0,0,0.0000,27 NOV 2018 00:00:00,INR
27NOV2018,0,NORMAL,21,OPTFUT,ZINC,28NOV2018,,172.5000,CE,15.2900,0.0000,0.0000,0.0000,15.2900,0,0.00,0.0000,0.0000,KGS,19.0500,0,0,0.0000,27 NOV 2018 00:00:00,INR
27NOV2018,0,NORMAL,21,OPTFUT,ZINC,28NOV2018,,172.5000,PE,0.0100,0.0000,0.0000,0.0000,0.0100,0,0.00,0.0000,0.0000,KGS,0.0100,0,0,0.0000,27 NOV 2018 00:00:00,INR
27NOV2018,0,NORMAL,21,OPTFUT,ZINC,28NOV2018,,175.0000,CE,12.7900,0.0000,0.0000,0.0000,12.7900,0,0.00,0.0000,0.0000,KGS,16.5500,0,0,0.0000,27 NOV 2018 00:00:00,INR
27NOV2018,0,NORMAL,21,OPTFUT,ZINC,28NOV2018,,175.0000,PE,0.0100,0.0000,0.0000,0.0000,0.0100,0,0.00,0.0000,0.0000,KGS,0.0100,0,0,0.0000,27 NOV 2018 00:00:00,INR
27NOV2018,0,NORMAL,21,OPTFUT,ZINC,28NOV2018,,177.5000,CE,10.3000,0.0000,0.0000,0.0000,10.3000,0,0.00,0.0000,0.0000,KGS,14.0500,0,0,0.0000,27 NOV 2018 00:00:00,INR
27NOV2018,0,NORMAL,21,OPTFUT,ZINC,28NOV2018,,177.5000,PE,0.0100,0.0000,0.0000,0.0000,0.0100,0,0.00,0.0000,0.0000,KGS,0.0100,0,0,0.0000,27 NOV 2018 00:00:00,INR
27NOV2018,0,NORMAL,21,OPTFUT,ZINC,28NOV2018,,180.0000,CE,7.8000,0.0000,0.0000,0.0000,7.8000,0,0.00,0.0000,0.0000,KGS,11.5500,0,0,0.0000,27 NOV 2018 00:00:00,INR
27NOV2018,0,NORMAL,21,OPTFUT,ZINC,28NOV2018,,180.0000,PE,0.0100,0.0000,0.0000,0.0000,0.0100,0,0.00,0.0000,0.0000,KGS,0.0100,0,0,0.0000,27 NOV 2018 00:00:00,INR
27NOV2018,0,NORMAL,21,OPTFUT,ZINC,28NOV2018,,182.5000,CE,5.3300,0.0000,0.0000,0.0000,5.3300,0,0.00,0.0000,0.0000,KGS,9.0500,0,0,0.0000,27 NOV 2018 00:00:00,INR
27NOV2018,0,NORMAL,21,OPTFUT,ZINC,28NOV2018,,182.5000,PE,0.0300,0.0000,0.0000,0.0000,0.0300,0,0.00,0.0000,0.0000,KGS,0.0100,0,0,0.0000,27 NOV 2018 00:00:00,INR
27NOV2018,0,NORMAL,21,OPTFUT,ZINC,28NOV2018,,185.0000,CE,3.0300,0.0000,0.0000,0.0000,3.0300,0,0.00,0.0000,0.0000,KGS,6.5500,0,0,0.0000,27 NOV 2018 00:00:00,INR
27NOV2018,0,NORMAL,21,OPTFUT,ZINC,28NOV2018,,185.0000,PE,0.2300,0.0000,0.0000,0.0000,0.2300,0,0.00,5.3000,5.3000,KGS,0.0100,0,4,0.0000,27 NOV 2018 00:00:00,INR
27NOV2018,0,NORMAL,21,OPTFUT,ZINC,28NOV2018,,187.5000,CE,1.2700,0.0000,0.0000,0.0000,1.2700,0,0.00,0.0000,0.0000,KGS,4.0700,0,0,0.0000,27 NOV 2018 00:00:00,INR
27NOV2018,0,NORMAL,21,OPTFUT,ZINC,28NOV2018,,187.5000,PE,0.9700,0.0000,0.0000,0.0000,0.9700,0,0.00,0.0000,0.0000,KGS,0.0200,0,0,0.0000,27 NOV 2018 00:00:00,INR
27NOV2018,0,NORMAL,21,OPTFUT,ZINC,28NOV2018,,190.0000,CE,0.3500,0.0000,0.0000,0.0000,0.3500,0,0.00,0.0000,0.0000,KGS,1.8300,0,0,0.0000,27 NOV 2018 00:00:00,INR
27NOV2018,0,NORMAL,21,OPTFUT,ZINC,28NOV2018,,190.0000,PE,2.5500,0.0000,0.0000,0.0000,2.5500,0,0.00,0.0000,0.0000,KGS,0.2800,0,0,0.0000,27 NOV 2018 00:00:00,INR
27NOV2018,0,NORMAL,21,OPTFUT,ZINC,28NOV2018,,192.5000,CE,0.0600,0.0000,0.0000,0.0000,0.0600,0,0.00,0.0000,0.0000,KGS,0.4500,0,0,0.0000,27 NOV 2018 00:00:00,INR
27NOV2018,0,NORMAL,21,OPTFUT,ZINC,28NOV2018,,192.5000,PE,4.7600,0.0000,0.0000,0.0000,4.7600,0,0.00,0.0000,0.0000,KGS,1.4000,0,0,0.0000,27 NOV 2018 00:00:00,INR
27NOV2018,0,NORMAL,21,OPTFUT,ZINC,28NOV2018,,195.0000,CE,0.0100,0.0000,0.0000,0.0000,0.0100,0,0.00,0.0000,0.0000,KGS,0.0500,0,0,0.0000,27 NOV 2018 00:00:00,INR
27NOV2018,0,NORMAL,21,OPTFUT,ZINC,28NOV2018,,195.0000,PE,7.2000,0.0000,0.0000,0.0000,7.2000,0,0.00,0.0000,0.0000,KGS,3.5000,0,0,0.0000,27 NOV 2018 00:00:00,INR
27NOV2018,0,NORMAL,21,OPTFUT,ZINC,28NOV2018,,197.5000,CE,0.0100,0.0000,0.0000,0.0000,0.0100,0,0.00,0.0000,0.0000,KGS,0.0100,0,0,0.0000,27 NOV 2018 00:00:00,INR
27NOV2018,0,NORMAL,21,OPTFUT,ZINC,28NOV2018,,197.5000,PE,9.7000,0.0000,0.0000,0.0000,9.7000,0,0.00,0.0000,0.0000,KGS,5.9500,0,0,0.0000,27 NOV 2018 00:00:00,INR
27NOV2018,0,NORMAL,21,OPTFUT,ZINC,28NOV2018,,200.0000,CE,0.0100,0.0000,0.0000,0.0000,0.0100,0,0.00,0.0000,0.0000,KGS,0.0100,0,0,0.0000,27 NOV 2018 00:00:00,INR
27NOV2018,0,NORMAL,21,OPTFUT,ZINC,28NOV2018,,200.0000,PE,12.2000,0.0000,0.0000,0.0000,12.2000,0,0.00,0.0000,0.0000,KGS,8.4500,0,0,0.0000,27 NOV 2018 00:00:00,INR
27NOV2018,0,NORMAL,21,OPTFUT,ZINC,28NOV2018,,157.5000,CE,30.2900,0.0000,0.0000,0.0000,30.2900,0,0.00,0.0000,0.0000,KGS,34.0400,0,0,0.0000,27 NOV 2018 00:00:00,INR
27NOV2018,0,NORMAL,21,OPTFUT,ZINC,28NOV2018,,157.5000,PE,0.0100,0.0000,0.0000,0.0000,0.0100,0,0.00,0.0000,0.0000,KGS,0.0100,0,0,0.0000,27 NOV 2018 00:00:00,INR
27NOV2018,0,NORMAL,21,OPTFUT,ZINC,28NOV2018,,160.0000,CE,27.7900,0.0000,0.0000,0.0000,27.7900,0,0.00,0.0000,0.0000,KGS,31.5400,0,0,0.0000,27 NOV 2018 00:00:00,INR
27NOV2018,0,NORMAL,21,OPTFUT,ZINC,28NOV2018,,160.0000,PE,0.0100,0.0000,0.0000,0.0000,0.0100,0,0.00,0.0000,0.0000,KGS,0.0100,0,0,0.0000,27 NOV 2018 00:00:00,INR
27NOV2018,0,NORMAL,21,OPTFUT,ZINC,28NOV2018,,162.5000,CE,25.2900,0.0000,0.0000,0.0000,25.2900,0,0.00,0.0000,0.0000,KGS,29.0400,0,0,0.0000,27 NOV 2018 00:00:00,INR
27NOV2018,0,NORMAL,21,OPTFUT,ZINC,28NOV2018,,162.5000,PE,0.0100,0.0000,0.0000,0.0000,0.0100,0,0.00,0.0000,0.0000,KGS,0.0100,0,0,0.0000,27 NOV 2018 00:00:00,INR
27NOV2018,0,NORMAL,21,OPTFUT,ZINC,28NOV2018,,152.5000,CE,35.2900,0.0000,0.0000,0.0000,35.2900,0,0.00,0.0000,0.0000,KGS,39.0400,0,0,0.0000,27 NOV 2018 00:00:00,INR
27NOV2018,0,NORMAL,21,OPTFUT,ZINC,28NOV2018,,152.5000,PE,0.0100,0.0000,0.0000,0.0000,0.0100,0,0.00,0.0000,0.0000,KGS,0.0100,0,0,0.0000,27 NOV 2018 00:00:00,INR
27NOV2018,0,NORMAL,21,OPTFUT,ZINC,28NOV2018,,155.0000,CE,32.7900,0.0000,0.0000,0.0000,32.7900,0,0.00,0.0000,0.0000,KGS,36.5400,0,0,0.0000,27 NOV 2018 00:00:00,INR
27NOV2018,0,NORMAL,21,OPTFUT,ZINC,28NOV2018,,155.0000,PE,0.0100,0.0000,0.0000,0.0000,0.0100,0,0.00,0.0000,0.0000,KGS,0.0100,0,0,0.0000,27 NOV 2018 00:00:00,INR
27NOV2018,0,NORMAL,21,OPTFUT,ZINC,28NOV2018,,150.0000,CE,37.7800,0.0000,0.0000,0.0000,37.7800,0,0.00,0.0000,0.0000,KGS,41.5400,0,0,0.0000,27 NOV 2018 00:00:00,INR
27NOV2018,0,NORMAL,21,OPTFUT,ZINC,28NOV2018,,150.0000,PE,0.0100,0.0000,0.0000,0.0000,0.0100,0,0.00,0.0000,0.0000,KGS,0.0100,0,0,0.0000,27 NOV 2018 00:00:00,INR
27NOV2018,0,NORMAL,21,OPTFUT,ZINC,28NOV2018,,202.5000,CE,0.0100,0.0000,0.0000,0.0000,0.0100,0,0.00,0.0000,0.0000,KGS,0.0100,0,0,0.0000,27 NOV 2018 00:00:00,INR
27NOV2018,0,NORMAL,21,OPTFUT,ZINC,28NOV2018,,202.5000,PE,14.6900,0.0000,0.0000,0.0000,14.6900,0,0.00,0.0000,0.0000,KGS,10.9500,0,0,0.0000,27 NOV 2018 00:00:00,INR
27NOV2018,0,NORMAL,21,OPTFUT,ZINC,28NOV2018,,205.0000,CE,0.0100,0.0000,0.0000,0.0000,0.0100,0,0.00,0.0000,0.0000,KGS,0.0100,0,0,0.0000,27 NOV 2018 00:00:00,INR
27NOV2018,0,NORMAL,21,OPTFUT,ZINC,28NOV2018,,205.0000,PE,17.1900,0.0000,0.0000,0.0000,17.1900,0,0.00,0.0000,0.0000,KGS,13.4500,0,0,0.0000,27 NOV 2018 00:00:00,INR
27NOV2018,0,NORMAL,21,OPTFUT,ZINC,28NOV2018,,207.5000,CE,0.0100,0.0000,0.0000,0.0000,0.0100,0,0.00,0.0000,0.0000,KGS,0.0100,0,0,0.0000,27 NOV 2018 00:00:00,INR
27NOV2018,0,NORMAL,21,OPTFUT,ZINC,28NOV2018,,207.5000,PE,19.6900,0.0000,0.0000,0.0000,19.6900,0,0.00,0.0000,0.0000,KGS,15.9500,0,0,0.0000,27 NOV 2018 00:00:00,INR
27NOV2018,0,NORMAL,21,OPTFUT,ZINC,28NOV2018,,210.0000,CE,0.0100,0.0000,0.0000,0.0000,0.0100,0,0.00,0.0000,0.0000,KGS,0.0100,0,0,0.0000,27 NOV 2018 00:00:00,INR
27NOV2018,0,NORMAL,21,OPTFUT,ZINC,28NOV2018,,210.0000,PE,22.1900,0.0000,0.0000,0.0000,22.1900,0,0.00,0.0000,0.0000,KGS,18.4500,0,0,0.0000,27 NOV 2018 00:00:00,INR
27NOV2018,0,NORMAL,21,OPTFUT,ZINC,27DEC2018,,160.0000,CE,36.5700,0.0000,0.0000,0.0000,36.5700,0,0.00,0.0000,0.0000,KGS,37.7700,0,0,0.0000,27 NOV 2018 00:00:00,INR
27NOV2018,0,NORMAL,21,OPTFUT,ZINC,27DEC2018,,160.0000,PE,0.0100,0.0000,0.0000,0.0000,0.0100,0,0.00,0.0000,0.0000,KGS,0.0100,0,0,0.0000,27 NOV 2018 00:00:00,INR
27NOV2018,0,NORMAL,21,OPTFUT,ZINC,27DEC2018,,162.5000,CE,34.0900,0.0000,0.0000,0.0000,34.0900,0,0.00,0.0000,0.0000,KGS,35.2900,0,0,0.0000,27 NOV 2018 00:00:00,INR
27NOV2018,0,NORMAL,21,OPTFUT,ZINC,27DEC2018,,162.5000,PE,0.0100,0.0000,0.0000,0.0000,0.0100,0,0.00,0.0000,0.0000,KGS,0.0100,0,0,0.0000,27 NOV 2018 00:00:00,INR
27NOV2018,0,NORMAL,21,OPTFUT,ZINC,27DEC2018,,165.0000,CE,31.6100,0.0000,0.0000,0.0000,31.6100,0,0.00,0.0000,0.0000,KGS,32.8000,0,0,0.0000,27 NOV 2018 00:00:00,INR
27NOV2018,0,NORMAL,21,OPTFUT,ZINC,27DEC2018,,165.0000,PE,0.0100,0.0000,0.0000,0.0000,0.0100,0,0.00,0.0000,0.0000,KGS,0.0100,0,0,0.0000,27 NOV 2018 00:00:00,INR
27NOV2018,0,NORMAL,21,OPTFUT,ZINC,27DEC2018,,167.5000,CE,29.1300,0.0000,0.0000,0.0000,29.1300,0,0.00,0.0000,0.0000,KGS,30.3200,0,0,0.0000,27 NOV 2018 00:00:00,INR
27NOV2018,0,NORMAL,21,OPTFUT,ZINC,27DEC2018,,167.5000,PE,0.0100,0.0000,0.0000,0.0000,0.0100,0,0.00,0.0000,0.0000,KGS,0.0100,0,0,0.0000,27 NOV 2018 00:00:00,INR
27NOV2018,0,NORMAL,21,OPTFUT,ZINC,27DEC2018,,170.0000,CE,26.6500,0.0000,0.0000,0.0000,26.6500,0,0.00,0.0000,0.0000,KGS,27.8400,0,0,0.0000,27 NOV 2018 00:00:00,INR
27NOV2018,0,NORMAL,21,OPTFUT,ZINC,27DEC2018,,170.0000,PE,0.0200,0.0000,0.0000,0.0000,0.0200,0,0.00,0.0000,0.0000,KGS,0.0100,0,0,0.0000,27 NOV 2018 00:00:00,INR
27NOV2018,0,NORMAL,21,OPTFUT,ZINC,27DEC2018,,172.5000,CE,24.1900,0.0000,0.0000,0.0000,24.1900,0,0.00,0.0000,0.0000,KGS,25.3700,0,0,0.0000,27 NOV 2018 00:00:00,INR
27NOV2018,0,NORMAL,21,OPTFUT,ZINC,27DEC2018,,172.5000,PE,0.0300,0.0000,0.0000,0.0000,0.0300,0,0.00,0.0000,0.0000,KGS,0.0200,0,0,0.0000,27 NOV 2018 00:00:00,INR
27NOV2018,0,NORMAL,21,OPTFUT,ZINC,27DEC2018,,175.0000,CE,21.7400,0.0000,0.0000,0.0000,21.7400,0,0.00,0.0000,0.0000,KGS,22.9000,0,0,0.0000,27 NOV 2018 00:00:00,INR
27NOV2018,0,NORMAL,21,OPTFUT,ZINC,27DEC2018,,175.0000,PE,0.0700,0.0000,0.0000,0.0000,0.0700,0,0.00,0.0000,0.0000,KGS,0.0400,0,0,0.0000,27 NOV 2018 00:00:00,INR
27NOV2018,0,NORMAL,21,OPTFUT,ZINC,27DEC2018,,177.5000,CE,19.3200,0.0000,0.0000,0.0000,19.3200,0,0.00,0.0000,0.0000,KGS,20.4600,0,0,0.0000,27 NOV 2018 00:00:00,INR
27NOV2018,0,NORMAL,21,OPTFUT,ZINC,27DEC2018,,177.5000,PE,0.1400,0.0000,0.0000,0.0000,0.1400,0,0.00,0.0000,0.0000,KGS,0.0800,0,0,0.0000,27 NOV 2018 00:00:00,INR
27NOV2018,0,NORMAL,21,OPTFUT,ZINC,27DEC2018,,180.0000,CE,16.9600,0.0000,0.0000,0.0000,16.9600,0,0.00,0.0000,0.0000,KGS,18.0600,0,0,0.0000,27 NOV 2018 00:00:00,INR
27NOV2018,0,NORMAL,21,OPTFUT,ZINC,27DEC2018,,180.0000,PE,0.2600,0.0000,0.0000,0.0000,0.2600,0,0.00,0.0000,0.0000,KGS,0.1600,0,0,0.0000,27 NOV 2018 00:00:00,INR
27NOV2018,0,NORMAL,21,OPTFUT,ZINC,27DEC2018,,182.5000,CE,14.6600,0.0000,0.0000,0.0000,14.6600,0,0.00,0.0000,0.0000,KGS,15.7100,0,0,0.0000,27 NOV 2018 00:00:00,INR
27NOV2018,0,NORMAL,21,OPTFUT,ZINC,27DEC2018,,182.5000,PE,0.4500,0.0000,0.0000,0.0000,0.4500,0,0.00,0.0000,0.0000,KGS,0.3000,0,0,0.0000,27 NOV 2018 00:00:00,INR
27NOV2018,0,NORMAL,21,OPTFUT,ZINC,27DEC2018,,185.0000,CE,12.4800,0.0000,0.0000,0.0000,12.4800,0,0.00,0.0000,0.0000,KGS,13.4500,0,0,0.0000,27 NOV 2018 00:00:00,INR
27NOV2018,0,NORMAL,21,OPTFUT,ZINC,27DEC2018,,185.0000,PE,0.7500,0.0000,0.0000,0.0000,0.7500,0,0.00,0.0000,0.0000,KGS,0.5300,0,0,0.0000,27 NOV 2018 00:00:00,INR
27NOV2018,0,NORMAL,21,OPTFUT,ZINC,27DEC2018,,187.5000,CE,10.4200,0.0000,0.0000,0.0000,10.4200,0,0.00,0.0000,0.0000,KGS,11.3000,0,0,0.0000,27 NOV 2018 00:00:00,INR
27NOV2018,0,NORMAL,21,OPTFUT,ZINC,27DEC2018,,187.5000,PE,1.1800,0.0000,0.0000,0.0000,1.1800,0,0.00,0.0000,0.0000,KGS,0.8700,0,0,0.0000,27 NOV 2018 00:00:00,INR
27NOV2018,0,NORMAL,21,OPTFUT,ZINC,27DEC2018,,190.0000,CE,8.5300,0.0000,0.0000,0.0000,8.5300,0,0.00,0.0000,0.0000,KGS,9.3100,0,0,0.0000,27 NOV 2018 00:00:00,INR
27NOV2018,0,NORMAL,21,OPTFUT,ZINC,27DEC2018,,190.0000,PE,1.7700,0.0000,0.0000,0.0000,1.7700,0,0.00,0.0000,0.0000,KGS,1.3600,0,0,0.0000,27 NOV 2018 00:00:00,INR
27NOV2018,0,NORMAL,21,OPTFUT,ZINC,27DEC2018,,192.5000,CE,6.8300,0.0000,0.0000,0.0000,6.8300,0,0.00,0.0000,0.0000,KGS,7.5000,0,0,0.0000,27 NOV 2018 00:00:00,INR
27NOV2018,0,NORMAL,21,OPTFUT,ZINC,27DEC2018,,192.5000,PE,2.5600,0.0000,0.0000,0.0000,2.5600,0,0.00,0.0000,0.0000,KGS,2.0300,0,0,0.0000,27 NOV 2018 00:00:00,INR
27NOV2018,0,NORMAL,21,OPTFUT,ZINC,27DEC2018,,195.0000,CE,5.3500,0.0000,0.0000,0.0000,5.3500,0,0.00,0.0000,0.0000,KGS,5.9000,0,0,0.0000,27 NOV 2018 00:00:00,INR
27NOV2018,0,NORMAL,21,OPTFUT,ZINC,27DEC2018,,195.0000,PE,3.5600,0.0000,0.0000,0.0000,3.5600,0,0.00,0.0000,0.0000,KGS,2.9100,0,0,0.0000,27 NOV 2018 00:00:00,INR
27NOV2018,0,NORMAL,21,OPTFUT,ZINC,27DEC2018,,157.5000,CE,39.0600,0.0000,0.0000,0.0000,39.0600,0,0.00,0.0000,0.0000,KGS,40.2600,0,0,0.0000,27 NOV 2018 00:00:00,INR
27NOV2018,0,NORMAL,21,OPTFUT,ZINC,27DEC2018,,157.5000,PE,0.0100,0.0000,0.0000,0.0000,0.0100,0,0.00,0.0000,0.0000,KGS,0.0100,0,0,0.0000,27 NOV 2018 00:00:00,INR
27NOV2018,0,NORMAL,21,OPTFUT,ZINC,27DEC2018,,155.0000,CE,41.5400,0.0000,0.0000,0.0000,41.5400,0,0.00,0.0000,0.0000,KGS,42.7400,0,0,0.0000,27 NOV 2018 00:00:00,INR
27NOV2018,0,NORMAL,21,OPTFUT,ZINC,27DEC2018,,155.0000,PE,0.0100,0.0000,0.0000,0.0000,0.0100,0,0.00,0.0000,0.0000,KGS,0.0100,0,0,0.0000,27 NOV 2018 00:00:00,INR
27NOV2018,0,NORMAL,21,OPTFUT,ZINC,27DEC2018,,152.5000,CE,44.0300,0.0000,0.0000,0.0000,44.0300,0,0.00,0.0000,0.0000,KGS,45.2300,0,0,0.0000,27 NOV 2018 00:00:00,INR
27NOV2018,0,NORMAL,21,OPTFUT,ZINC,27DEC2018,,152.5000,PE,0.0100,0.0000,0.0000,0.0000,0.0100,0,0.00,0.0000,0.0000,KGS,0.0100,0,0,0.0000,27 NOV 2018 00:00:00,INR
27NOV2018,0,NORMAL,21,OPTFUT,ZINC,27DEC2018,,197.5000,CE,4.0900,0.0000,0.0000,0.0000,4.0900,0,0.00,0.0000,0.0000,KGS,4.5200,0,0,0.0000,27 NOV 2018 00:00:00,INR
27NOV2018,0,NORMAL,21,OPTFUT,ZINC,27DEC2018,,197.5000,PE,4.7800,0.0000,0.0000,0.0000,4.7800,0,0.00,0.0000,0.0000,KGS,4.0200,0,0,0.0000,27 NOV 2018 00:00:00,INR
27NOV2018,0,NORMAL,21,OPTFUT,ZINC,27DEC2018,,200.0000,CE,3.0400,0.0000,0.0000,0.0000,3.0400,0,0.00,0.0000,0.0000,KGS,3.3700,0,0,0.0000,27 NOV 2018 00:00:00,INR
27NOV2018,0,NORMAL,21,OPTFUT,ZINC,27DEC2018,,200.0000,PE,6.2200,0.0000,0.0000,0.0000,6.2200,0,0.00,0.0000,0.0000,KGS,5.3600,0,0,0.0000,27 NOV 2018 00:00:00,INR
27NOV2018,0,NORMAL,21,OPTFUT,ZINC,27DEC2018,,202.5000,CE,2.2100,0.0000,0.0000,0.0000,2.2100,0,0.00,0.0000,0.0000,KGS,2.4500,0,0,0.0000,27 NOV 2018 00:00:00,INR
27NOV2018,0,NORMAL,21,OPTFUT,ZINC,27DEC2018,,202.5000,PE,7.8700,0.0000,0.0000,0.0000,7.8700,0,0.00,0.0000,0.0000,KGS,6.9200,0,0,0.0000,27 NOV 2018 00:00:00,INR
27NOV2018,0,NORMAL,21,OPTFUT,ZINC,27DEC2018,,205.0000,CE,1.5600,0.0000,0.0000,0.0000,1.5600,0,0.00,0.0000,0.0000,KGS,1.7200,0,0,0.0000,27 NOV 2018 00:00:00,INR
27NOV2018,0,NORMAL,21,OPTFUT,ZINC,27DEC2018,,205.0000,PE,9.7100,0.0000,0.0000,0.0000,9.7100,0,0.00,0.0000,0.0000,KGS,8.6800,0,0,0.0000,27 NOV 2018 00:00:00,INR
27NOV2018,0,NORMAL,21,OPTFUT,ZINC,27DEC2018,,207.5000,CE,1.0700,0.0000,0.0000,0.0000,1.0700,0,0.00,0.0000,0.0000,KGS,1.1800,0,0,0.0000,27 NOV 2018 00:00:00,INR
27NOV2018,0,NORMAL,21,OPTFUT,ZINC,27DEC2018,,207.5000,PE,11.7000,0.0000,0.0000,0.0000,11.7000,0,0.00,0.0000,0.0000,KGS,10.6200,0,0,0.0000,27 NOV 2018 00:00:00,INR
27NOV2018,0,NORMAL,21,OPTFUT,ZINC,27DEC2018,,210.0000,CE,0.7200,0.0000,0.0000,0.0000,0.7200,0,0.00,0.0000,0.0000,KGS,0.7800,0,0,0.0000,27 NOV 2018 00:00:00,INR
27NOV2018,0,NORMAL,21,OPTFUT,ZINC,27DEC2018,,210.0000,PE,13.8300,0.0000,0.0000,0.0000,13.8300,0,0.00,0.0000,0.0000,KGS,12.7100,0,0,0.0000,27 NOV 2018 00:00:00,INR
27NOV2018,0,NORMAL,21,OPTFUT,ZINC,27DEC2018,,212.5000,CE,0.4600,0.0000,0.0000,0.0000,0.4600,0,0.00,0.0000,0.0000,KGS,0.5100,0,0,0.0000,27 NOV 2018 00:00:00,INR
27NOV2018,0,NORMAL,21,OPTFUT,ZINC,27DEC2018,,212.5000,PE,16.0700,0.0000,0.0000,0.0000,16.0700,0,0.00,0.0000,0.0000,KGS,14.9200,0,0,0.0000,27 NOV 2018 00:00:00,INR
27NOV2018,0,NORMAL,21,OPTFUT,ZINC,27DEC2018,,215.0000,CE,0.2700,0.0000,0.0000,0.0000,0.2700,0,0.00,0.0000,0.0000,KGS,0.3200,0,0,0.0000,27 NOV 2018 00:00:00,INR
27NOV2018,0,NORMAL,21,OPTFUT,ZINC,27DEC2018,,215.0000,PE,18.3600,0.0000,0.0000,0.0000,18.3600,0,0.00,0.0000,0.0000,KGS,17.2200,0,0,0.0000,27 NOV 2018 00:00:00,INR
27NOV2018,0,NORMAL,21,OPTFUT,ZINC,29JAN2019,,172.5000,CE,18.3300,0.0000,0.0000,0.0000,18.3300,0,0.00,0.0000,0.0000,KGS,18.3000,0,0,0.0000,27 NOV 2018 00:00:00,INR
27NOV2018,0,NORMAL,21,OPTFUT,ZINC,29JAN2019,,172.5000,PE,0.2200,0.0000,0.0000,0.0000,0.2200,0,0.00,0.0000,0.0000,KGS,0.1800,0,0,0.0000,27 NOV 2018 00:00:00,INR
27NOV2018,0,NORMAL,21,OPTFUT,ZINC,29JAN2019,,175.0000,CE,16.0300,0.0000,0.0000,0.0000,16.0300,0,0.00,0.0000,0.0000,KGS,15.9700,0,0,0.0000,27 NOV 2018 00:00:00,INR
27NOV2018,0,NORMAL,21,OPTFUT,ZINC,29JAN2019,,175.0000,PE,0.3800,0.0000,0.0000,0.0000,0.3800,0,0.00,0.0000,0.0000,KGS,0.3200,0,0,0.0000,27 NOV 2018 00:00:00,INR
27NOV2018,0,NORMAL,21,OPTFUT,ZINC,29JAN2019,,177.5000,CE,13.8100,0.0000,0.0000,0.0000,13.8100,0,0.00,0.0000,0.0000,KGS,13.7300,0,0,0.0000,27 NOV 2018 00:00:00,INR
27NOV2018,0,NORMAL,21,OPTFUT,ZINC,29JAN2019,,177.5000,PE,0.6200,0.0000,0.0000,0.0000,0.6200,0,0.00,0.0000,0.0000,KGS,0.5500,0,0,0.0000,27 NOV 2018 00:00:00,INR
27NOV2018,0,NORMAL,21,OPTFUT,ZINC,29JAN2019,,180.0000,CE,11.7000,0.0000,0.0000,0.0000,11.7000,0,0.00,0.0000,0.0000,KGS,11.6000,0,0,0.0000,27 NOV 2018 00:00:00,INR
27NOV2018,0,NORMAL,21,OPTFUT,ZINC,29JAN2019,,180.0000,PE,0.9900,0.0000,0.0000,0.0000,0.9900,0,0.00,0.0000,0.0000,KGS,0.8900,0,0,0.0000,27 NOV 2018 00:00:00,INR
27NOV2018,0,NORMAL,21,OPTFUT,ZINC,29JAN2019,,182.5000,CE,9.7400,0.0000,0.0000,0.0000,9.7400,0,0.00,0.0000,0.0000,KGS,9.6200,0,0,0.0000,27 NOV 2018 00:00:00,INR
27NOV2018,0,NORMAL,21,OPTFUT,ZINC,29JAN2019,,182.5000,PE,1.5000,0.0000,0.0000,0.0000,1.5000,0,0.00,0.0000,0.0000,KGS,1.3700,0,0,0.0000,27 NOV 2018 00:00:00,INR
27NOV2018,0,NORMAL,21,OPTFUT,ZINC,29JAN2019,,185.0000,CE,7.9600,0.0000,0.0000,0.0000,7.9600,0,0.00,0.0000,0.0000,KGS,7.8100,0,0,0.0000,27 NOV 2018 00:00:00,INR
27NOV2018,0,NORMAL,21,OPTFUT,ZINC,29JAN2019,,185.0000,PE,2.1800,0.0000,0.0000,0.0000,2.1800,0,0.00,0.0000,0.0000,KGS,2.0300,0,0,0.0000,27 NOV 2018 00:00:00,INR
27NOV2018,0,NORMAL,21,OPTFUT,ZINC,29JAN2019,,187.5000,CE,6.3700,0.0000,0.0000,0.0000,6.3700,0,0.00,0.0000,0.0000,KGS,6.2000,0,0,0.0000,27 NOV 2018 00:00:00,INR
27NOV2018,0,NORMAL,21,OPTFUT,ZINC,29JAN2019,,187.5000,PE,3.0600,0.0000,0.0000,0.0000,3.0600,0,0.00,0.0000,0.0000,KGS,2.9000,0,0,0.0000,27 NOV 2018 00:00:00,INR
27NOV2018,0,NORMAL,21,OPTFUT,ZINC,29JAN2019,,190.0000,CE,4.9800,0.0000,0.0000,0.0000,4.9800,0,0.00,0.0000,0.0000,KGS,4.8100,0,0,0.0000,27 NOV 2018 00:00:00,INR
27NOV2018,0,NORMAL,21,OPTFUT,ZINC,29JAN2019,,190.0000,PE,4.1400,0.0000,0.0000,0.0000,4.1400,0,0.00,0.0000,0.0000,KGS,3.9700,0,0,0.0000,27 NOV 2018 00:00:00,INR
27NOV2018,0,NORMAL,21,OPTFUT,ZINC,29JAN2019,,192.5000,CE,3.8100,0.0000,0.0000,0.0000,3.8100,0,0.00,0.0000,0.0000,KGS,3.6400,0,0,0.0000,27 NOV 2018 00:00:00,INR
27NOV2018,0,NORMAL,21,OPTFUT,ZINC,29JAN2019,,192.5000,PE,5.4400,0.0000,0.0000,0.0000,5.4400,0,0.00,0.0000,0.0000,KGS,5.2700,0,0,0.0000,27 NOV 2018 00:00:00,INR
27NOV2018,0,NORMAL,21,OPTFUT,ZINC,29JAN2019,,195.0000,CE,2.8500,0.0000,0.0000,0.0000,2.8500,0,0.00,0.0000,0.0000,KGS,2.6900,0,0,0.0000,27 NOV 2018 00:00:00,INR
27NOV2018,0,NORMAL,21,OPTFUT,ZINC,29JAN2019,,195.0000,PE,6.9500,0.0000,0.0000,0.0000,6.9500,0,0.00,0.0000,0.0000,KGS,6.7800,0,0,0.0000,27 NOV 2018 00:00:00,INR
27NOV2018,0,NORMAL,21,OPTFUT,ZINC,29JAN2019,,197.5000,CE,2.0800,0.0000,0.0000,0.0000,2.0800,0,0.00,0.0000,0.0000,KGS,1.9300,0,0,0.0000,27 NOV 2018 00:00:00,INR
27NOV2018,0,NORMAL,21,OPTFUT,ZINC,29JAN2019,,197.5000,PE,8.6400,0.0000,0.0000,0.0000,8.6400,0,0.00,0.0000,0.0000,KGS,8.5000,0,0,0.0000,27 NOV 2018 00:00:00,INR
27NOV2018,0,NORMAL,21,OPTFUT,ZINC,29JAN2019,,200.0000,CE,1.4800,0.0000,0.0000,0.0000,1.4800,0,0.00,0.0000,0.0000,KGS,1.3500,0,0,0.0000,27 NOV 2018 00:00:00,INR
27NOV2018,0,NORMAL,21,OPTFUT,ZINC,29JAN2019,,200.0000,PE,10.5100,0.0000,0.0000,0.0000,10.5100,0,0.00,0.0000,0.0000,KGS,10.3800,0,0,0.0000,27 NOV 2018 00:00:00,INR
27NOV2018,0,NORMAL,21,OPTFUT,ZINC,29JAN2019,,202.5000,CE,1.0300,0.0000,0.0000,0.0000,1.0300,0,0.00,0.0000,0.0000,KGS,0.9200,0,0,0.0000,27 NOV 2018 00:00:00,INR
27NOV2018,0,NORMAL,21,OPTFUT,ZINC,29JAN2019,,202.5000,PE,12.5300,0.0000,0.0000,0.0000,12.5300,0,0.00,0.0000,0.0000,KGS,12.4200,0,0,0.0000,27 NOV 2018 00:00:00,INR
27NOV2018,0,NORMAL,21,OPTFUT,ZINC,29JAN2019,,205.0000,CE,0.6900,0.0000,0.0000,0.0000,0.6900,0,0.00,0.0000,0.0000,KGS,0.6100,0,0,0.0000,27 NOV 2018 00:00:00,INR
27NOV2018,0,NORMAL,21,OPTFUT,ZINC,29JAN2019,,205.0000,PE,14.6600,0.0000,0.0000,0.0000,14.6600,0,0.00,0.0000,0.0000,KGS,14.5800,0,0,0.0000,27 NOV 2018 00:00:00,INR
27NOV2018,0,NORMAL,21,OPTFUT,ZINC,29JAN2019,,207.5000,CE,0.4600,0.0000,0.0000,0.0000,0.4600,0,0.00,0.0000,0.0000,KGS,0.3900,0,0,0.0000,27 NOV 2018 00:00:00,INR
27NOV2018,0,NORMAL,21,OPTFUT,ZINC,29JAN2019,,207.5000,PE,16.9000,0.0000,0.0000,0.0000,16.9000,0,0.00,0.0000,0.0000,KGS,16.8300,0,0,0.0000,27 NOV 2018 00:00:00,INR
